     0/499     4.12G    0.0775   0.02941         0    0.1069        37       640  0.002089    0.2308 0.0008636 8.754e-05   0.03697   0.01458         0
     1/499     4.13G   0.06773   0.02922         0   0.09696        43       640  0.005745    0.4846  0.005049  0.000525   0.03416   0.01287         0
     2/499     4.13G   0.06022   0.02782         0   0.08803        47       640   0.09564   0.07692   0.01701  0.003616   0.03505   0.01186         0
     3/499     4.13G   0.05986   0.02801         0   0.08787        41       640   0.03931    0.2462   0.01693  0.001719   0.03476   0.01152         0
     4/499     4.13G   0.06285   0.02852         0   0.09137        42       640   0.05123    0.2769   0.02271  0.002378   0.03567   0.01097         0
     5/499     4.13G   0.06034   0.02759         0   0.08793        40       640    0.4816    0.4077    0.3415    0.1171   0.03344   0.01013         0
     6/499     4.13G   0.05698   0.02595         0   0.08293        41       640      0.22    0.4385    0.1646   0.02635   0.03189  0.009837         0
     7/499     4.13G    0.0559   0.02608         0   0.08198        44       640    0.4472    0.6462     0.408   0.06327   0.02554   0.01357         0
     8/499     4.13G   0.05314   0.02624         0   0.07938        38       640    0.1521    0.6414    0.1401   0.02388    0.0233   0.01661         0
     9/499     4.13G   0.05144   0.02567         0   0.07711        49       640     0.542    0.8375    0.6131    0.1979   0.02104   0.01287         0
    10/499     4.13G   0.04847   0.02371         0   0.07217        44       640    0.8544    0.8231    0.8989    0.2975   0.02471   0.01022         0
    11/499     4.13G   0.04516   0.02179         0   0.06695        46       640    0.3863    0.8692    0.4689    0.2008   0.01897   0.01124         0
    12/499     4.13G   0.03972    0.0189         0   0.05862        42       640     0.961    0.9692    0.9777    0.5507   0.02363  0.006181         0
    13/499     4.13G   0.04054   0.01733         0   0.05787        42       640     0.851    0.9225    0.9097    0.4366   0.01844  0.009748         0
    14/499     4.13G   0.03708    0.0158         0   0.05288        42       640    0.9769    0.9768    0.9836    0.6309   0.01687   0.00513         0
    15/499     4.13G   0.03273   0.01449         0   0.04722        36       640    0.9699    0.9923    0.9872    0.6069   0.01793  0.004424         0
    16/499     4.13G   0.03232   0.01415         0   0.04646        40       640    0.9551    0.9846    0.9777    0.5929   0.01411  0.005242         0
    17/499     4.13G   0.03329   0.01347         0   0.04676        42       640    0.9847    0.9923    0.9883    0.5613   0.01537  0.003938         0
    18/499     4.13G   0.02907    0.0131         0   0.04217        43       640    0.9773    0.9923    0.9871    0.7238   0.01365  0.003658         0
    19/499     4.13G   0.02835   0.01272         0   0.04107        41       640    0.9847    0.9923    0.9824    0.6982   0.01214  0.004207         0
    20/499     4.13G    0.0284   0.01267         0   0.04107        41       640    0.9847    0.9923    0.9913    0.6973   0.01381   0.00354         0
    21/499     4.13G   0.02862   0.01251         0   0.04113        43       640    0.9699    0.9923    0.9906    0.7013   0.01423  0.003788         0
    22/499     4.13G   0.02688   0.01221         0   0.03909        47       640    0.9847    0.9923    0.9907    0.7268    0.0141  0.003549         0
    23/499     4.13G   0.02838   0.01233         0   0.04071        41       640    0.9847    0.9923    0.9944    0.7263    0.0113  0.003414         0
    24/499     4.13G   0.02658    0.0122         0   0.03878        34       640    0.9847    0.9923    0.9913    0.7286   0.01238  0.003412         0
    25/499     4.13G   0.02701   0.01173         0   0.03875        45       640    0.9774         1    0.9914    0.7062   0.01236  0.003398         0
    26/499     4.13G   0.02679   0.01207         0   0.03886        40       640    0.9847    0.9923    0.9938    0.7477   0.01212  0.003232         0
    27/499     4.13G    0.0246   0.01107         0   0.03567        38       640    0.9847    0.9923    0.9929    0.7381   0.01636  0.003151         0
    28/499     4.13G   0.02866   0.01179         0   0.04045        37       640    0.9848         1    0.9901    0.6913    0.0133  0.003379         0
    29/499     4.13G   0.02659   0.01169         0   0.03828        43       640    0.9848         1     0.992    0.6764   0.01223  0.003161         0
    30/499     4.13G   0.02623   0.01129         0   0.03752        39       640    0.9847    0.9923    0.9934    0.6616   0.01276   0.00326         0
    31/499     4.13G   0.02565   0.01155         0    0.0372        37       640    0.9847    0.9923    0.9874    0.7205   0.01134  0.003373         0
    32/499     4.13G   0.02516   0.01125         0   0.03641        38       640    0.9774    0.9999    0.9929    0.6264   0.01315  0.003151         0
    33/499     4.13G   0.02379   0.01136         0   0.03515        32       640    0.9848         1    0.9938    0.7529   0.01069  0.003152         0
    34/499     4.13G    0.0246   0.01119         0    0.0358        37       640    0.9847    0.9923    0.9881    0.7502   0.01105  0.003139         0
    35/499     4.13G   0.02512   0.01104         0   0.03616        35       640    0.9847    0.9923    0.9884    0.7281   0.01132  0.003508         0
    36/499     4.13G    0.0258   0.01113         0   0.03692        41       640    0.9848         1    0.9897    0.7372   0.01178  0.002992         0
    37/499     4.13G   0.02283   0.01064         0   0.03347        31       640    0.9848         1    0.9931    0.7413    0.0115  0.002998         0
    38/499     4.13G   0.02345   0.01093         0   0.03438        35       640    0.9848         1    0.9937    0.7169   0.01086  0.002993         0
    39/499     4.13G    0.0223    0.0107         0     0.033        49       640    0.9848         1    0.9906    0.7413    0.0114  0.003036         0
    40/499     4.13G   0.02265   0.01088         0   0.03353        42       640    0.9848         1    0.9915    0.7585   0.01064  0.003023         0
    41/499     4.13G     0.023   0.01075         0   0.03375        33       640    0.9847         1    0.9887    0.7348   0.01099   0.00299         0
    42/499     4.13G   0.02246    0.0108         0   0.03326        41       640    0.9774         1    0.9874    0.7503  0.009922  0.002833         0
    43/499     4.13G   0.02271   0.01069         0    0.0334        39       640    0.9848         1    0.9931    0.7363   0.01037  0.003054         0
    44/499     4.13G   0.02234   0.01032         0   0.03266        43       640    0.9848         1    0.9899    0.7475   0.01118  0.003052         0
    45/499     4.13G   0.02227   0.01043         0   0.03271        37       640    0.9848         1    0.9929    0.7601   0.01066  0.002909         0
    46/499     4.13G   0.02184    0.0108         0   0.03264        43       640    0.9847    0.9923    0.9884    0.6481   0.01483  0.003383         0
    47/499     4.13G    0.0224   0.01075         0   0.03315        38       640    0.9848         1    0.9902    0.7259   0.01123   0.00302         0
    48/499     4.13G   0.02169    0.0105         0   0.03219        43       640    0.9848         1    0.9911     0.764   0.01003  0.002865         0
    49/499     4.13G    0.0249   0.01073         0   0.03563        41       640    0.9848         1      0.99    0.7566   0.01038  0.002958         0
    50/499     4.13G   0.02112   0.01032         0   0.03144        42       640    0.9848         1    0.9894    0.7525   0.01052  0.002896         0
    51/499     4.13G   0.02102   0.01045         0   0.03147        37       640    0.9848         1    0.9921    0.7624  0.009856   0.00276         0
    52/499     4.13G   0.02131   0.01015         0   0.03146        42       640    0.9848         1    0.9918    0.7258   0.01144  0.002914         0
    53/499     4.13G    0.0233    0.0102         0   0.03351        38       640    0.9774         1     0.985    0.7304   0.01206  0.003031         0
    54/499     4.13G   0.02184   0.01007         0   0.03191        38       640    0.9774         1    0.9884    0.7468  0.009831  0.002809         0
    55/499     4.13G   0.02223   0.01058         0   0.03282        41       640    0.9848         1    0.9923    0.7533    0.0107  0.002916         0
    56/499     4.13G    0.0208   0.01022         0   0.03102        40       640    0.9846    0.9846    0.9857     0.735    0.0105  0.003048         0
    57/499     4.13G    0.0214   0.01016         0   0.03156        37       640    0.9774         1    0.9909    0.7391  0.009522  0.002863         0
    58/499     4.13G    0.0229   0.01041         0   0.03331        44       640    0.9848         1    0.9901    0.7361   0.01106   0.00282         0
    59/499     4.13G    0.0199      0.01         0    0.0299        46       640    0.9848         1    0.9917    0.7584   0.01053  0.002933         0
    60/499     4.13G   0.01955   0.01007         0   0.02963        44       640    0.9848         1    0.9933    0.7393   0.01142  0.002701         0
    61/499     4.13G   0.02234   0.01019         0   0.03253        39       640    0.9848         1    0.9939    0.7384   0.01072  0.002688         0
    62/499     4.13G   0.02154    0.0104         0   0.03194        52       640    0.9848         1    0.9899    0.7104   0.01078   0.00277         0
    63/499     4.13G   0.01963   0.01016         0   0.02979        42       640    0.9774         1    0.9928    0.7486  0.009912  0.002771         0
    64/499     4.13G   0.02102  0.009957         0   0.03098        33       640    0.9848         1    0.9942    0.7662  0.008828  0.002899         0
    65/499     4.13G   0.02134   0.01008         0   0.03142        43       640    0.9848         1    0.9921    0.7343  0.009746  0.002881         0
    66/499     4.13G   0.02075  0.009796         0   0.03054        43       640    0.9848         1    0.9931    0.7463   0.01016   0.00283         0
    67/499     4.13G   0.02106  0.009956         0   0.03101        45       640    0.9848         1    0.9936    0.7497   0.01068  0.002666         0
    68/499     4.13G   0.02127   0.00989         0   0.03116        45       640    0.9847    0.9923    0.9935    0.7505  0.009101  0.002709         0
    69/499     4.13G   0.02196   0.01027         0   0.03224        45       640    0.9848         1    0.9939    0.7551  0.009455  0.002964         0
    70/499     4.13G    0.0208  0.009853         0   0.03065        32       640    0.9848         1     0.991    0.7503  0.009982  0.002858         0
    71/499     4.13G   0.01978  0.009985         0   0.02977        38       640    0.9774         1    0.9941     0.772  0.009413  0.002801         0
    72/499     4.13G    0.0197  0.009666         0   0.02937        42       640    0.9774         1    0.9926    0.7245   0.01027  0.002803         0
    73/499     4.13G   0.01941   0.00984         0   0.02925        42       640    0.9848         1    0.9945    0.7667  0.008924  0.002542         0
    74/499     4.13G   0.01974  0.009674         0   0.02941        41       640    0.9848         1    0.9942    0.7486   0.01017  0.002676         0
    75/499     4.13G   0.02134   0.01001         0   0.03135        47       640    0.9848         1    0.9939    0.7376   0.01078  0.002734         0
    76/499     4.13G   0.01929    0.0097         0   0.02899        37       640    0.9848         1    0.9924    0.7718   0.01006  0.002664         0
    77/499     4.13G   0.02182  0.009693         0   0.03152        43       640    0.9848         1    0.9937     0.752   0.01077  0.002742         0
    78/499     4.13G   0.02049   0.01006         0   0.03054        41       640    0.9848         1    0.9923    0.7557  0.009504  0.002658         0
    79/499     4.13G   0.01834  0.009746         0   0.02809        37       640    0.9848         1    0.9936    0.7489  0.009772  0.002688         0
    80/499     4.13G   0.02183   0.00966         0   0.03149        38       640    0.9848         1    0.9918    0.7442  0.009135  0.002798         0
    81/499     4.13G   0.01952  0.009659         0   0.02918        38       640    0.9848         1    0.9932    0.7508  0.009926   0.00266         0
    82/499     4.13G   0.01929  0.009756         0   0.02905        40       640    0.9848         1    0.9944    0.7419   0.01035  0.002741         0
    83/499     4.13G   0.01931  0.009843         0   0.02915        47       640    0.9848         1     0.994    0.7529   0.00936  0.002815         0
    84/499     4.13G   0.01868  0.009493         0   0.02817        47       640    0.9848         1    0.9939    0.7559  0.009977  0.002706         0
    85/499     4.13G   0.01917  0.009648         0   0.02882        38       640    0.9848         1    0.9937    0.7474  0.009863  0.002748         0
    86/499     4.13G   0.01912  0.009636         0   0.02876        40       640    0.9848         1    0.9928    0.7361  0.009832  0.002838         0
    87/499     4.13G   0.01879  0.009766         0   0.02856        35       640    0.9848         1    0.9946    0.7291   0.01048  0.002722         0
    88/499     4.13G    0.0182  0.009347         0   0.02754        38       640    0.9848         1    0.9888    0.7521   0.01007    0.0027         0
    89/499     4.13G   0.01796  0.009196         0   0.02715        42       640    0.9848         1    0.9933    0.7503   0.01025  0.002723         0
    90/499     4.13G   0.01907  0.009411         0   0.02848        42       640    0.9848         1    0.9926    0.7526  0.009242  0.002875         0
    91/499     4.13G   0.01922  0.009488         0    0.0287        39       640    0.9848         1    0.9934    0.7498    0.0104  0.002702         0
    92/499     4.13G   0.01733  0.009309         0   0.02664        36       640    0.9847    0.9923    0.9935    0.7459   0.00968  0.002719         0
    93/499     4.13G   0.01751  0.009188         0    0.0267        47       640    0.9847         1    0.9903    0.7487  0.009264  0.002719         0
    94/499     4.13G   0.02096  0.009993         0   0.03095        37       640    0.9848         1    0.9935     0.753   0.01006  0.002847         0
    95/499     4.13G   0.01807  0.009395         0   0.02747        41       640    0.9774         1    0.9907    0.7524   0.01048  0.002708         0
    96/499     4.13G   0.01855   0.00939         0   0.02794        35       640    0.9848         1    0.9926    0.7523  0.009468  0.002747         0
    97/499     4.13G   0.01944  0.009492         0   0.02894        41       640    0.9848         1    0.9935    0.7563   0.00951  0.002624         0
    98/499     4.13G   0.01992  0.009672         0    0.0296        32       640    0.9848         1    0.9936    0.7556   0.01045  0.002621         0
    99/499     4.13G   0.01852   0.00933         0   0.02785        42       640    0.9848         1     0.993    0.7453   0.01082  0.002672         0
   100/499     4.13G   0.01968  0.009586         0   0.02927        34       640    0.9848         1    0.9919    0.7533   0.00933  0.002709         0
   101/499     4.13G   0.01878  0.009396         0   0.02818        40       640    0.9848         1    0.9944    0.7538   0.01066  0.002639         0
   102/499     4.13G   0.01723  0.009425         0   0.02666        39       640    0.9848         1    0.9944    0.7459   0.01002  0.002617         0
   103/499     4.13G   0.01805  0.009495         0   0.02754        37       640    0.9848         1    0.9929    0.7607  0.009024  0.002771         0
   104/499     4.13G   0.01891  0.009835         0   0.02874        48       640    0.9848         1    0.9942    0.7511   0.01025  0.002744         0
   105/499     4.13G   0.01838  0.009333         0   0.02771        41       640    0.9848         1    0.9929    0.7191   0.01101  0.002717         0
   106/499     4.13G   0.01874  0.009735         0   0.02848        34       640    0.9848         1    0.9934    0.7228   0.01056  0.002809         0
   107/499     4.13G   0.01811  0.009361         0   0.02747        53       640    0.9848         1    0.9898      0.73   0.01064   0.00289         0
   108/499     4.13G   0.01776  0.009028         0   0.02679        48       640    0.9848         1    0.9931    0.7434   0.00926   0.00274         0
   109/499     4.13G   0.01749  0.009745         0   0.02723        44       640    0.9848         1    0.9933    0.7546  0.009087  0.002817         0
   110/499     4.13G   0.01719  0.009283         0   0.02647        43       640    0.9848         1    0.9933    0.7464   0.01004  0.002705         0
   111/499     4.13G   0.01746  0.009007         0   0.02646        45       640    0.9848         1    0.9944    0.7385  0.009834  0.002714         0
   112/499     4.13G   0.01809   0.00913         0   0.02722        47       640    0.9848         1    0.9904     0.751  0.008786  0.002838         0
   113/499     4.13G   0.01715  0.009242         0    0.0264        38       640    0.9848         1    0.9928    0.7486  0.008591  0.002817         0
   114/499     4.13G    0.0185  0.009438         0   0.02793        37       640    0.9848         1    0.9943    0.7596   0.01106  0.002772         0
   115/499     4.13G   0.01759  0.009576         0   0.02717        40       640    0.9848         1    0.9925     0.726   0.01079  0.002878         0
   116/499     4.13G   0.01627  0.008941         0   0.02521        42       640    0.9848         1     0.994    0.7517  0.008992  0.002695         0
   117/499     4.13G   0.01779  0.009374         0   0.02716        43       640    0.9848         1    0.9943    0.7473   0.01025  0.002704         0
   118/499     4.13G   0.01888  0.009364         0   0.02825        43       640    0.9848         1    0.9935    0.7361   0.01028  0.002675         0
   119/499     4.13G   0.01703  0.008962         0   0.02599        37       640    0.9848         1    0.9918    0.7319  0.009544  0.002765         0
   120/499     4.13G   0.01637  0.008877         0   0.02524        41       640    0.9848         1    0.9931    0.7533   0.01122  0.002657         0
   121/499     4.13G   0.01748  0.009091         0   0.02657        42       640    0.9848         1    0.9939    0.7546   0.01093  0.002612         0
   122/499     4.13G   0.01716  0.009218         0   0.02638        45       640    0.9848         1    0.9932    0.7528   0.01021  0.002612         0
   123/499     4.13G   0.01664  0.009082         0   0.02572        36       640    0.9848         1    0.9934    0.7448   0.01006  0.002671         0
   124/499     4.13G   0.01769  0.009246         0   0.02694        39       640    0.9848         1    0.9891    0.7452  0.009288  0.002668         0
   125/499     4.13G   0.01694  0.008999         0   0.02594        38       640    0.9848         1    0.9938    0.7518   0.01005  0.002608         0
   126/499     4.13G   0.01622  0.008796         0   0.02502        37       640    0.9848         1    0.9914    0.7542   0.01024  0.002634         0
   127/499     4.13G   0.01556  0.008833         0   0.02439        35       640    0.9848         1    0.9918    0.7065   0.01081  0.002789         0
   128/499     4.13G   0.01599  0.009092         0   0.02509        38       640    0.9848         1    0.9939    0.7472   0.01042  0.002624         0
   129/499     4.13G   0.01718  0.009034         0   0.02622        44       640    0.9848         1    0.9929    0.7437  0.009465  0.002718         0
   130/499     4.13G   0.01756  0.008956         0   0.02652        39       640    0.9848         1    0.9948      0.76   0.01018  0.002731         0
   131/499     4.13G   0.01658  0.009076         0   0.02566        35       640    0.9848         1    0.9934    0.7427  0.008443  0.002679         0
   132/499     4.13G   0.01693   0.00906         0   0.02599        43       640    0.9848         1    0.9926    0.7611  0.009604  0.002636         0
   133/499     4.13G   0.01669  0.009078         0   0.02577        40       640    0.9848         1    0.9933    0.7618  0.009976  0.002718         0
   134/499     4.13G    0.0169  0.009153         0   0.02605        40       640    0.9848         1    0.9936    0.7719  0.008691  0.002666         0
   135/499     4.13G   0.01659   0.00897         0   0.02556        34       640    0.9848         1    0.9918    0.7563  0.009284  0.002726         0
   136/499     4.13G   0.01576  0.008875         0   0.02464        39       640    0.9848         1    0.9944    0.7579  0.009273   0.00264         0
   137/499     4.13G   0.01831  0.009111         0   0.02742        37       640    0.9848         1    0.9927    0.7621  0.009039  0.002592         0
   138/499     4.13G   0.01667  0.009028         0    0.0257        43       640    0.9848         1    0.9919     0.761  0.008597  0.002691         0
   139/499     4.13G   0.01762  0.009266         0   0.02688        39       640    0.9848         1     0.993    0.7492   0.01073  0.002653         0
