     0/499     4.14G   0.07151   0.02889         0    0.1004        37       640    0.8391    0.8827    0.9074    0.3997   0.02145   0.01312         0
     1/499     4.11G   0.04418   0.02209         0   0.06627        43       640    0.9623    0.9846    0.9885    0.6741   0.01752  0.006371         0
     2/499     4.11G   0.03999    0.0154         0   0.05539        47       640    0.9773    0.9923    0.9921    0.5838   0.01613  0.004871         0
     3/499     4.11G   0.03526   0.01348         0   0.04874        41       640    0.8478    0.8997    0.9386     0.541   0.01934  0.004055         0
     4/499     4.11G   0.03625   0.01253         0   0.04878        42       640    0.9848         1    0.9889    0.6578   0.01402   0.00377         0
     5/499     4.11G   0.03184    0.0115         0   0.04334        40       640    0.9848         1    0.9928     0.632    0.0145  0.003254         0
     6/499     4.11G   0.03159   0.01122         0   0.04281        41       640    0.9848         1    0.9892    0.7172   0.01488  0.003204         0
     7/499     4.11G    0.0311   0.01152         0   0.04262        44       640    0.9848         1    0.9855    0.6964   0.01422  0.003252         0
     8/499     4.11G   0.03006   0.01105         0   0.04111        38       640    0.9845    0.9766    0.9906    0.6946    0.0135  0.003877         0
     9/499     4.11G   0.02973   0.01134         0   0.04107        49       640    0.9848         1    0.9871    0.5133   0.01869  0.003206         0
    10/499     4.11G   0.03129   0.01156         0   0.04285        44       640    0.9848         1    0.9909    0.6944   0.01517  0.003258         0
    11/499     4.11G   0.03121   0.01158         0    0.0428        46       640    0.9921    0.9692     0.983    0.6415   0.01373  0.003818         0
    12/499     4.11G   0.02782   0.01092         0   0.03874        42       640    0.9848         1    0.9912    0.6458   0.01526  0.003279         0
    13/499     4.11G   0.03039   0.01086         0   0.04126        42       640    0.9773    0.9923    0.9885     0.701    0.0147  0.003614         0
    14/499     4.11G   0.02918   0.01084         0   0.04002        42       640    0.9774         1    0.9904    0.7459   0.01216  0.003284         0
    15/499     4.11G   0.02661   0.01033         0   0.03694        36       640    0.9848         1    0.9927    0.6764   0.01356  0.003144         0
    16/499     4.11G   0.02503   0.01015         0   0.03518        40       640    0.9774         1    0.9936    0.7237   0.01133  0.002907         0
    17/499     4.11G   0.02606   0.01014         0   0.03621        42       640    0.9848         1    0.9876    0.6899   0.01396  0.003493         0
    18/499     4.11G   0.02301   0.01015         0   0.03316        43       640    0.9848         1    0.9933    0.7471   0.01171  0.002818         0
    19/499     4.11G   0.02188   0.01007         0   0.03195        41       640    0.9848         1    0.9931    0.7489   0.01052  0.002745         0
    20/499     4.11G   0.02266  0.009817         0   0.03247        41       640    0.9848         1    0.9939    0.7475   0.01011  0.002864         0
    21/499     4.11G   0.02332  0.009716         0   0.03303        43       640    0.9848         1    0.9935    0.7568  0.009757  0.002813         0
    22/499     4.11G   0.02214  0.009763         0    0.0319        47       640    0.9848         1    0.9923    0.7409   0.01277  0.002856         0
    23/499     4.11G   0.02346  0.009999         0   0.03346        41       640    0.9848         1    0.9924    0.7654  0.009348  0.002773         0
    24/499     4.11G   0.02195  0.009944         0    0.0319        34       640    0.9848         1    0.9908    0.7477   0.01106  0.002859         0
    25/499     4.11G   0.02179  0.009579         0   0.03137        45       640    0.9848         1    0.9936    0.7284   0.01005  0.002663         0
    26/499     4.11G   0.02185   0.00974         0   0.03159        40       640    0.9848         1    0.9913    0.7651   0.01054  0.002746         0
    27/499     4.11G   0.01966  0.008904         0   0.02856        38       640    0.9848         1    0.9923    0.7556   0.01151  0.002689         0
    28/499     4.11G   0.02255  0.009495         0   0.03204        37       640    0.9848         1    0.9905    0.7597    0.0117    0.0028         0
    29/499     4.11G   0.02141  0.009568         0   0.03098        43       640    0.9848         1    0.9955    0.7405  0.009798  0.002739         0
    30/499     4.11G   0.02042  0.009317         0   0.02974        39       640    0.9848         1    0.9944     0.762  0.009724  0.002703         0
    31/499     4.11G    0.0199  0.009528         0   0.02943        37       640    0.9774         1    0.9913    0.7603   0.01182  0.002638         0
    32/499     4.11G   0.02001  0.009187         0    0.0292        38       640    0.9923         1     0.995    0.7384     0.012  0.002706         0
    33/499     4.11G   0.02024  0.009365         0   0.02961        32       640    0.9848         1    0.9935    0.7607   0.01071  0.002868         0
    34/499     4.11G   0.01869  0.009354         0   0.02805        37       640    0.9922    0.9923    0.9927    0.7557   0.01008  0.002731         0
    35/499     4.11G   0.01971  0.009049         0   0.02876        35       640    0.9774         1    0.9911    0.7598     0.011   0.00283         0
    36/499     4.11G   0.02025  0.009193         0   0.02944        41       640    0.9848         1    0.9943    0.7632   0.01003  0.002677         0
    37/499     4.11G   0.01827  0.008764         0   0.02704        31       640    0.9848         1    0.9931    0.7461   0.01069  0.002992         0
    38/499     4.11G   0.01943  0.009056         0   0.02848        35       640    0.9848         1     0.993    0.7162   0.01021  0.002813         0
    39/499     4.11G   0.01753  0.009033         0   0.02656        49       640    0.9848         1    0.9947    0.7182   0.01184  0.002694         0
    40/499     4.11G   0.01805  0.009037         0   0.02709        42       640    0.9848         1    0.9943    0.7557   0.01067  0.002769         0
    41/499     4.11G   0.01814  0.008934         0   0.02707        33       640    0.9924    0.9999    0.9931    0.7544  0.009803  0.002694         0
    42/499     4.11G   0.01865  0.009004         0   0.02765        41       640    0.9848         1    0.9949    0.7465   0.01123  0.002832         0
    43/499     4.11G   0.01946   0.00896         0   0.02842        39       640    0.9848         1     0.992    0.7587   0.01019  0.002647         0
    44/499     4.11G   0.01796  0.008545         0   0.02651        43       640    0.9848         1    0.9878    0.7054   0.01149   0.00308         0
    45/499     4.11G   0.01748   0.00851         0   0.02599        37       640    0.9848         1    0.9926    0.7159   0.01212   0.00272         0
    46/499     4.11G   0.01646  0.008732         0   0.02519        43       640    0.9848         1    0.9922    0.7525  0.009261  0.002623         0
    47/499     4.11G   0.01735  0.008732         0   0.02608        38       640    0.9848         1    0.9893    0.7483  0.008937  0.002729         0
    48/499     4.11G   0.01701  0.008761         0   0.02577        43       640    0.9848         1    0.9925    0.7518  0.009377  0.002549         0
    49/499     4.11G   0.01915  0.008953         0    0.0281        41       640    0.9848         1    0.9929     0.728   0.01038  0.002664         0
    50/499     4.11G   0.01657  0.008558         0   0.02513        42       640    0.9848         1    0.9949    0.7535   0.01091  0.002715         0
    51/499     4.11G   0.01688  0.008682         0   0.02556        37       640    0.9848         1    0.9936     0.749  0.009409  0.002674         0
    52/499     4.11G   0.01748  0.008423         0   0.02591        42       640    0.9848         1    0.9933    0.7579  0.009754  0.002616         0
    53/499     4.11G   0.01802  0.008586         0   0.02661        38       640    0.9848         1    0.9938    0.7404  0.009869  0.002695         0
    54/499     4.11G   0.01715  0.008467         0   0.02561        38       640    0.9848         1     0.992    0.7586  0.009356  0.002624         0
    55/499     4.11G   0.01681  0.008826         0   0.02563        41       640    0.9848         1    0.9914    0.7474   0.01053  0.002451         0
    56/499     4.11G   0.01607  0.008407         0   0.02448        40       640    0.9848         1    0.9874    0.7562   0.01066  0.002532         0
    57/499     4.11G   0.01657  0.008304         0   0.02487        37       640    0.9848         1    0.9936    0.7602  0.009829  0.002592         0
    58/499     4.11G   0.01824  0.008698         0   0.02694        44       640    0.9848         1    0.9916    0.7687   0.01049  0.002558         0
    59/499     4.11G   0.01662  0.008456         0   0.02507        46       640    0.9848         1    0.9933    0.7471   0.01084  0.002582         0
    60/499     4.11G   0.01577  0.008593         0   0.02436        44       640    0.9848         1    0.9925    0.7653   0.01048  0.002622         0
    61/499     4.11G   0.01777  0.008591         0   0.02636        39       640    0.9848         1    0.9936    0.7549   0.01088  0.002659         0
    62/499     4.11G   0.01653  0.008671         0    0.0252        52       640    0.9848         1    0.9923    0.7534   0.01107  0.002613         0
    63/499     4.11G     0.016  0.008408         0   0.02441        42       640    0.9848         1    0.9933    0.7469  0.009866  0.002799         0
    64/499     4.11G   0.01667  0.008303         0   0.02498        33       640    0.9848         1    0.9924    0.7569  0.009412  0.002666         0
    65/499     4.11G   0.01679  0.008421         0   0.02521        43       640    0.9774         1    0.9906    0.7459  0.009267  0.002751         0
    66/499     4.11G   0.01631  0.008195         0   0.02451        43       640    0.9848         1     0.995    0.7455   0.00986  0.002655         0
    67/499     4.11G   0.01633  0.008241         0   0.02457        45       640    0.9848         1    0.9937    0.7419  0.009276  0.002724         0
    68/499     4.11G    0.0161  0.008163         0   0.02426        45       640    0.9848         1    0.9899    0.7358   0.01089  0.002768         0
    69/499     4.11G     0.017  0.008533         0   0.02553        45       640    0.9848         1    0.9945    0.7535   0.01075  0.002658         0
    70/499     4.11G   0.01691   0.00821         0   0.02512        32       640    0.9848         1    0.9935    0.7479  0.009865  0.002826         0
    71/499     4.11G   0.01515  0.008246         0   0.02339        38       640    0.9848         1     0.993     0.759   0.01007   0.00284         0
    72/499     4.11G   0.01544  0.008068         0   0.02351        42       640    0.9848         1    0.9926    0.7521  0.009506  0.002549         0
    73/499     4.11G   0.01531  0.008074         0   0.02339        42       640    0.9848         1    0.9938    0.7544  0.009926  0.002609         0
    74/499     4.11G   0.01576  0.008108         0   0.02387        41       640    0.9924    0.9994    0.9942    0.7352   0.01055   0.00305         0
    75/499     4.11G   0.01673  0.008324         0   0.02506        47       640    0.9848         1    0.9895    0.7492   0.01069  0.002616         0
    76/499     4.11G   0.01454  0.007958         0    0.0225        37       640    0.9848         1    0.9906    0.7472  0.009801  0.002778         0
    77/499     4.11G   0.01714  0.007871         0   0.02501        43       640    0.9848         1    0.9916    0.7452  0.009133  0.002709         0
    78/499     4.11G   0.01621  0.008131         0   0.02435        41       640    0.9848         1    0.9881    0.7568  0.009806   0.00275         0
    79/499     4.11G   0.01414  0.007906         0   0.02204        37       640    0.9848         1     0.993    0.7417  0.009891  0.002593         0
    80/499     4.11G   0.01739  0.007825         0   0.02522        38       640    0.9848         1    0.9891    0.7575  0.009798  0.002748         0
    81/499     4.11G    0.0154  0.007864         0   0.02327        38       640    0.9774         1    0.9927    0.7611      0.01  0.002719         0
    82/499     4.11G   0.01487  0.007954         0   0.02283        40       640    0.9848         1    0.9903    0.7432  0.009966  0.002605         0
    83/499     4.11G   0.01524  0.008017         0   0.02326        47       640    0.9848         1    0.9925    0.7519  0.009663  0.002668         0
    84/499     4.11G   0.01445  0.007744         0   0.02219        47       640    0.9848         1    0.9897    0.7432  0.009897  0.002701         0
    85/499     4.11G    0.0151  0.007853         0   0.02296        38       640    0.9848         1    0.9873    0.7462   0.01064  0.002723         0
    86/499     4.11G   0.01478  0.007851         0   0.02263        40       640    0.9848         1    0.9921    0.7564  0.009547  0.002697         0
    87/499     4.11G   0.01493  0.007946         0   0.02287        35       640    0.9848         1    0.9905    0.7539   0.00996  0.002693         0
    88/499     4.11G    0.0141  0.007593         0   0.02169        38       640    0.9848         1    0.9883    0.7579   0.01048  0.002659         0
    89/499     4.11G   0.01427  0.007351         0   0.02162        42       640    0.9848         1    0.9928    0.7619  0.009977  0.002716         0
    90/499     4.11G   0.01439  0.007583         0   0.02198        42       640    0.9848         1    0.9905    0.7554  0.009637  0.003001         0
    91/499     4.11G   0.01541  0.007686         0    0.0231        39       640    0.9848         1    0.9826    0.7598   0.01056  0.002666         0
    92/499     4.11G   0.01281  0.007529         0   0.02034        36       640    0.9848         1    0.9933    0.7591   0.01045  0.002797         0
    93/499     4.11G   0.01357  0.007353         0   0.02092        47       640    0.9848         1    0.9936    0.7477    0.0107  0.002682         0
    94/499     4.11G   0.01584  0.008081         0   0.02392        37       640    0.9848         1     0.991    0.7405   0.01139   0.00275         0
    95/499     4.11G   0.01398  0.007502         0   0.02148        41       640    0.9848         1    0.9895    0.7581   0.01135   0.00276         0
    96/499     4.11G   0.01376  0.007449         0   0.02121        35       640    0.9848         1    0.9899    0.7336   0.01076  0.002936         0
    97/499     4.11G   0.01471  0.007553         0   0.02226        41       640    0.9848         1    0.9909    0.7532   0.01055  0.002797         0
    98/499     4.11G     0.015  0.007798         0    0.0228        32       640    0.9848         1     0.993    0.7626   0.01055  0.002774         0
    99/499     4.11G   0.01423  0.007428         0   0.02166        42       640    0.9848         1    0.9933    0.7361   0.01023  0.002893         0
   100/499     4.11G   0.01493  0.007694         0   0.02262        34       640    0.9848         1    0.9883     0.753   0.01046  0.003125         0
   101/499     4.11G    0.0158  0.007613         0   0.02341        40       640    0.9848         1    0.9874    0.7273   0.01015  0.002761         0
   102/499     4.11G   0.01378  0.007653         0   0.02143        39       640    0.9848         1    0.9865     0.766  0.009805  0.002696         0
   103/499     4.11G   0.01401  0.007598         0   0.02161        37       640    0.9848         1     0.991      0.76  0.009635  0.002624         0
   104/499     4.11G   0.01422  0.007814         0   0.02204        48       640    0.9848         1    0.9951     0.751   0.01048   0.00276         0
   105/499     4.11G   0.01378  0.007366         0   0.02115        41       640    0.9848         1     0.995    0.7514   0.01033  0.002758         0
   106/499     4.11G   0.01473  0.007649         0   0.02238        34       640    0.9848         1    0.9935    0.7269   0.01046  0.002874         0
   107/499     4.11G   0.01363  0.007449         0   0.02108        53       640    0.9848    0.9999    0.9902    0.7505   0.00982  0.002824         0
   108/499     4.11G   0.01304  0.007083         0   0.02013        48       640    0.9848         1     0.991    0.7633  0.009971  0.002701         0
   109/499     4.11G   0.01287  0.007655         0   0.02053        44       640    0.9848         1    0.9914    0.7378  0.009483  0.002815         0
   110/499     4.11G   0.01291  0.007232         0   0.02015        43       640    0.9848         1    0.9897     0.734  0.009314  0.002771         0
   111/499     4.11G   0.01272  0.006975         0    0.0197        45       640    0.9848         1    0.9952    0.7584  0.009432  0.002917         0
   112/499     4.11G   0.01386   0.00714         0     0.021        47       640    0.9848         1    0.9936    0.7438  0.009722  0.002871         0
   113/499     4.11G   0.01295  0.007232         0   0.02019        38       640    0.9848         1    0.9915    0.7507   0.01012  0.002969         0
   114/499     4.11G   0.01415  0.007451         0    0.0216        37       640    0.9848         1    0.9911    0.7641   0.00969  0.002715         0
   115/499     4.11G   0.01294  0.007512         0   0.02045        40       640    0.9848         1    0.9892    0.7308   0.01017  0.002747         0
   116/499     4.11G   0.01255  0.006999         0   0.01954        42       640    0.9848         1    0.9928    0.7395   0.01028  0.002911         0
   117/499     4.11G    0.0134  0.007335         0   0.02074        43       640    0.9848         1    0.9919    0.7577   0.01057  0.002917         0
   118/499     4.11G   0.01465  0.007331         0   0.02198        43       640    0.9848         1    0.9946    0.7536  0.009595  0.002745         0
   119/499     4.11G   0.01305  0.006985         0   0.02004        37       640    0.9848         1    0.9944     0.753   0.01019  0.002759         0
   120/499     4.11G   0.01229  0.006921         0   0.01921        41       640    0.9848         1    0.9872    0.7444   0.01066  0.002841         0
   121/499     4.11G   0.01332  0.007062         0   0.02038        42       640    0.9848         1    0.9883    0.7537   0.01063  0.002743         0
   122/499     4.11G    0.0132  0.007209         0   0.02041        45       640    0.9848         1    0.9894    0.7637  0.009448  0.002844         0
   123/499     4.11G   0.01219  0.006973         0   0.01916        36       640    0.9848         1    0.9937    0.7551   0.01028  0.002837         0
   124/499     4.11G    0.0131  0.007163         0   0.02026        39       640    0.9848         1    0.9938     0.752  0.009815   0.00298         0
   125/499     4.11G   0.01249  0.007041         0   0.01954        38       640    0.9848         1    0.9922    0.7382   0.01041  0.002708         0
   126/499     4.11G   0.01156  0.006666         0   0.01822        37       640    0.9848         1    0.9838    0.7606   0.00987  0.002935         0
   127/499     4.11G   0.01142  0.006757         0   0.01817        35       640    0.9848         1    0.9929    0.7216   0.01063  0.002776         0
   128/499     4.11G   0.01208  0.007097         0   0.01918        38       640    0.9848         1    0.9881    0.7501   0.01028  0.002815         0
   129/499     4.11G   0.01262  0.006859         0   0.01948        44       640    0.9848         1    0.9894    0.7493   0.01035  0.002815         0
   130/499     4.11G   0.01227  0.006865         0   0.01914        39       640    0.9848         1    0.9908    0.7504   0.01073  0.002748         0
   131/499     4.11G   0.01234  0.006971         0   0.01931        35       640    0.9848         1    0.9847    0.7335    0.0104  0.002756         0
   132/499     4.11G   0.01277  0.006919         0   0.01969        43       640    0.9848         1    0.9914    0.7678   0.01048  0.002862         0
   133/499     4.11G   0.01259  0.006925         0   0.01951        40       640    0.9848         1    0.9877     0.766   0.01002  0.002744         0
   134/499     4.11G   0.01223  0.006928         0   0.01915        40       640    0.9848         1    0.9895    0.7503  0.009633  0.002821         0
   135/499     4.11G   0.01254  0.006768         0   0.01931        34       640    0.9848         1    0.9907    0.7591  0.009713  0.002559         0
   136/499     4.11G   0.01139  0.006802         0   0.01819        39       640    0.9848         1    0.9869    0.7537  0.009843  0.002884         0
   137/499     4.11G   0.01388  0.006887         0   0.02077        37       640    0.9848         1    0.9896    0.7475      0.01  0.002991         0
   138/499     4.11G   0.01268  0.006804         0   0.01948        43       640    0.9848         1    0.9938    0.7557    0.0101  0.002709         0
   139/499     4.11G   0.01265  0.006996         0   0.01965        39       640    0.9848         1    0.9926    0.7669  0.009618   0.00263         0
   140/499     4.11G   0.01287   0.00689         0   0.01976        41       640    0.9848         1    0.9932    0.7573  0.009627  0.002854         0
   141/499     4.11G   0.01254  0.006944         0   0.01948        40       640    0.9848         1    0.9942    0.7677  0.009947  0.002832         0
   142/499     4.11G   0.01324  0.006913         0   0.02015        35       640    0.9848         1    0.9921    0.7485  0.009682  0.002857         0
   143/499     4.11G   0.01232  0.006582         0    0.0189        33       640    0.9848         1    0.9909    0.7406   0.01061   0.00298         0
   144/499     4.11G   0.01332  0.006841         0   0.02016        38       640    0.9848         1    0.9897    0.7617   0.01006  0.002849         0
   145/499     4.11G    0.0119  0.006725         0   0.01863        37       640    0.9848         1    0.9916    0.7272   0.01037  0.002961         0
   146/499     4.11G    0.0117  0.006723         0   0.01842        41       640    0.9848         1    0.9899    0.7517  0.009986   0.00285         0
   147/499     4.11G   0.01144   0.00654         0   0.01798        50       640    0.9848         1    0.9926    0.7582   0.00967  0.002928         0
   148/499     4.11G   0.01211  0.006595         0   0.01871        39       640    0.9848         1    0.9874    0.7505   0.01011  0.002958         0
   149/499     4.11G    0.0121  0.006799         0    0.0189        40       640    0.9848         1    0.9892    0.7463   0.01033  0.002916         0
   150/499     4.11G   0.01232  0.006625         0   0.01895        44       640    0.9848         1    0.9893    0.7629   0.01035  0.002805         0
   151/499     4.11G   0.01187   0.00683         0    0.0187        53       640    0.9848         1    0.9856    0.7601  0.009606  0.003058         0
   152/499     4.11G   0.01178  0.006809         0   0.01859        33       640    0.9774         1    0.9884    0.7611  0.009388     0.003         0
   153/499     4.11G   0.01227  0.006639         0   0.01891        38       640    0.9774         1    0.9872    0.7586  0.009782  0.002934         0
   154/499     4.11G    0.0124  0.006641         0   0.01904        47       640    0.9848         1    0.9925     0.748   0.01016  0.002913         0
   155/499     4.11G   0.01203  0.006885         0   0.01891        45       640    0.9848         1     0.991     0.753  0.009576  0.003025         0
   156/499     4.11G   0.01167  0.006544         0   0.01821        38       640    0.9848         1    0.9923    0.7641  0.009991  0.003115         0
   157/499     4.11G   0.01161  0.006374         0   0.01798        41       640    0.9848         1    0.9922    0.7643   0.00987  0.002906         0
   158/499     4.11G   0.01321  0.006679         0   0.01989        30       640    0.9848         1    0.9928    0.7521   0.01029  0.002983         0
   159/499     4.11G    0.0117  0.006373         0   0.01808        40       640    0.9848         1    0.9897     0.755   0.01006  0.003025         0
   160/499     4.11G   0.01315  0.006849         0      0.02        31       640    0.9848         1    0.9904    0.7515  0.009677  0.003027         0
   161/499     4.11G    0.0123   0.00657         0   0.01888        41       640    0.9848         1     0.991    0.7368   0.01045  0.003115         0
   162/499     4.11G   0.01178  0.006475         0   0.01826        40       640    0.9848         1    0.9833    0.7405  0.009877  0.002972         0
   163/499     4.11G   0.01144  0.006423         0   0.01786        42       640    0.9848         1    0.9861     0.747   0.01016  0.003025         0
   164/499     4.11G   0.01183  0.006491         0   0.01833        38       640    0.9848         1    0.9891    0.7424   0.01042   0.00307         0
   165/499     4.11G   0.01238  0.006476         0   0.01886        45       640    0.9848         1    0.9856    0.7559  0.009424  0.003016         0
   166/499     4.11G   0.01273  0.006513         0   0.01924        41       640    0.9848         1    0.9864    0.7553  0.009759  0.003237         0
   167/499     4.11G   0.01249  0.006442         0   0.01893        35       640    0.9774         1    0.9843    0.7523  0.009626  0.003163         0
   168/499     4.11G   0.01083  0.006382         0   0.01721        47       640    0.9848         1    0.9844    0.7489  0.009572  0.003044         0
   169/499     4.11G   0.01163  0.006474         0   0.01811        44       640    0.9848         1    0.9853    0.7334  0.009909  0.002986         0
   170/499     4.11G   0.01156  0.006628         0   0.01819        35       640    0.9848         1    0.9901    0.7449  0.009688   0.00301         0
   171/499     4.11G   0.01164   0.00648         0   0.01812        35       640    0.9848         1    0.9891    0.7556  0.009681  0.003083         0
   172/499     4.11G   0.01197  0.006529         0    0.0185        42       640    0.9848         1    0.9874    0.7294  0.009862  0.002951         0
   173/499     4.11G   0.01086   0.00634         0    0.0172        40       640    0.9848         1    0.9881    0.7403  0.009621  0.003145         0
   174/499     4.11G   0.01226  0.006358         0   0.01861        38       640    0.9848         1    0.9857    0.7351  0.009998  0.003102         0
   175/499     4.11G   0.01273  0.006521         0   0.01925        42       640    0.9848         1    0.9874    0.7277  0.009708  0.003009         0
   176/499     4.11G   0.01104  0.006267         0   0.01731        35       640    0.9848         1    0.9852    0.7381    0.0102  0.003034         0
   177/499     4.11G   0.01235  0.006256         0   0.01861        44       640    0.9848         1    0.9853    0.7405   0.01055  0.003174         0
   178/499     4.11G   0.01134  0.006393         0   0.01773        39       640    0.9848         1    0.9909    0.7355   0.01029  0.003205         0
   179/499     4.11G   0.01292  0.006484         0    0.0194        38       640    0.9848         1    0.9874    0.7417  0.009661  0.003245         0
   180/499     4.11G    0.0117  0.006309         0   0.01801        38       640    0.9848         1    0.9848    0.7559  0.009126  0.003222         0
   181/499     4.11G    0.0116  0.006549         0   0.01815        31       640    0.9848         1    0.9867    0.7488  0.009766  0.003176         0
   182/499     4.11G   0.01037  0.006205         0   0.01657        33       640    0.9848         1    0.9849    0.7554  0.009818  0.003159         0
   183/499     4.11G   0.01051  0.006157         0   0.01666        47       640    0.9848         1    0.9881    0.7538  0.009291  0.003139         0
   184/499     4.11G   0.01086  0.006052         0   0.01692        34       640    0.9848         1    0.9862     0.737  0.009608   0.00321         0
   185/499     4.11G   0.01188  0.006209         0   0.01809        39       640    0.9848         1    0.9888    0.7643  0.009188  0.003238         0
   186/499     4.11G   0.01092  0.006172         0   0.01709        43       640    0.9848         1    0.9888    0.7648  0.008677  0.003182         0
   187/499     4.11G   0.01176  0.006222         0   0.01799        43       640    0.9848         1    0.9859    0.7523   0.00954  0.003209         0
   188/499     4.11G   0.01152  0.006113         0   0.01763        37       640    0.9848         1     0.988    0.7566   0.01021  0.003151         0
   189/499     4.11G   0.01103  0.006054         0   0.01708        42       640    0.9848         1    0.9873    0.7506  0.009821  0.003125         0
   190/499     4.11G    0.0113   0.00621         0   0.01751        33       640    0.9848         1    0.9904    0.7579  0.009648  0.003204         0
   191/499     4.11G   0.01204   0.00619         0   0.01823        41       640    0.9848         1    0.9935    0.7452  0.009766  0.003048         0
   192/499     4.11G   0.01208   0.00615         0   0.01823        42       640    0.9848         1    0.9886    0.7477  0.009586  0.003154         0
   193/499     4.11G   0.01194  0.006313         0   0.01825        47       640    0.9848         1    0.9908    0.7618   0.01033  0.003101         0
   194/499     4.11G    0.0117  0.006009         0   0.01771        39       640    0.9848         1    0.9923    0.7508  0.009775  0.003114         0
   195/499     4.11G   0.01065  0.006153         0    0.0168        33       640    0.9848         1    0.9883    0.7474    0.0102  0.002917         0
   196/499     4.11G   0.01043  0.006082         0   0.01652        44       640    0.9848         1    0.9877    0.7617  0.009614  0.002993         0
   197/499     4.11G   0.01159  0.006129         0   0.01772        41       640    0.9848         1    0.9836    0.7528  0.009843    0.0031         0
   198/499     4.11G   0.01034  0.006075         0   0.01641        32       640    0.9848         1    0.9822    0.7511   0.01005  0.003061         0
   199/499     4.11G   0.01035  0.006141         0   0.01649        38       640    0.9848         1    0.9831    0.7549   0.01031  0.003223         0
   200/499     4.11G   0.01057  0.005907         0   0.01648        43       640    0.9848         1    0.9847    0.7423   0.01055  0.003183         0
   201/499     4.11G   0.01123   0.00606         0   0.01729        38       640    0.9848         1    0.9842    0.7547  0.009622  0.003214         0
   202/499     4.11G   0.01102  0.006187         0   0.01721        39       640    0.9848         1    0.9857    0.7528  0.009673   0.00315         0
   203/499     4.11G   0.01104  0.005919         0   0.01696        38       640    0.9848         1    0.9843    0.7481  0.009337  0.003111         0
   204/499     4.11G   0.01166   0.00631         0   0.01797        45       640    0.9848         1    0.9839    0.7364  0.009927  0.003108         0
   205/499     4.11G   0.01106  0.005828         0   0.01688        37       640    0.9848         1    0.9862    0.7497  0.009704  0.003177         0
   206/499     4.11G   0.01054  0.006004         0   0.01654        41       640    0.9848         1    0.9859    0.7495  0.009832  0.003297         0
   207/499     4.11G   0.01051   0.00593         0   0.01644        47       640    0.9848         1    0.9871    0.7519  0.009679  0.003194         0
   208/499     4.11G    0.0101  0.006118         0   0.01622        42       640    0.9848         1    0.9879    0.7505  0.009432  0.003216         0
   209/499     4.11G   0.01007   0.00587         0   0.01594        31       640    0.9848         1    0.9849    0.7425   0.00985  0.003033         0
   210/499     4.11G    0.0103  0.006032         0   0.01633        40       640    0.9848         1    0.9855    0.7508  0.009487  0.003142         0
   211/499     4.11G   0.01056  0.006011         0   0.01657        42       640    0.9848         1    0.9848    0.7484   0.01002  0.003011         0
   212/499     4.11G   0.01028  0.005765         0   0.01605        39       640    0.9848         1    0.9891    0.7617  0.009729  0.003118         0
   213/499     4.11G   0.01071  0.005903         0   0.01661        42       640    0.9848         1    0.9839    0.7543  0.009804  0.003147         0
   214/499     4.11G   0.01059  0.005943         0   0.01654        38       640    0.9848         1    0.9857    0.7488  0.009414  0.003069         0
   215/499     4.11G   0.01103  0.006022         0   0.01705        40       640    0.9848         1    0.9833    0.7437  0.009352   0.00303         0
   216/499     4.11G   0.01004  0.005883         0   0.01592        46       640    0.9848         1    0.9837    0.7537  0.009492   0.00311         0
   217/499     4.11G   0.01084  0.005911         0   0.01675        46       640    0.9848         1    0.9828     0.751  0.008994  0.003215         0
   218/499     4.11G   0.01059  0.005949         0   0.01653        43       640    0.9848         1     0.984     0.748  0.009979  0.003188         0
   219/499     4.11G      0.01  0.005546         0   0.01555        42       640    0.9848         1    0.9831    0.7652   0.00982  0.003154         0
   220/499     4.11G   0.01006  0.005901         0   0.01596        41       640    0.9848         1     0.984    0.7598   0.01008  0.003114         0
   221/499     4.11G  0.009789  0.005735         0   0.01552        38       640    0.9848         1    0.9844    0.7539   0.01059  0.003147         0
   222/499     4.11G   0.01046  0.005992         0   0.01645        45       640    0.9848         1    0.9849    0.7568   0.01008  0.002973         0
   223/499     4.11G  0.009561  0.005536         0    0.0151        36       640    0.9848         1    0.9838    0.7537  0.009604  0.003025         0
   224/499     4.11G    0.0103  0.006144         0   0.01644        39       640    0.9848         1    0.9843    0.7719  0.009313  0.003045         0
   225/499     4.11G   0.01006  0.005641         0    0.0157        40       640    0.9848         1    0.9888    0.7634  0.009846  0.003224         0
   226/499     4.11G  0.009942  0.005667         0   0.01561        45       640    0.9848         1    0.9847    0.7576  0.009701  0.003276         0
   227/499     4.11G   0.01039  0.005891         0   0.01628        32       640    0.9848         1    0.9853    0.7569  0.009373  0.003105         0
   228/499     4.11G   0.01048  0.005558         0   0.01603        41       640    0.9848         1    0.9873     0.764  0.009358  0.002942         0
   229/499     4.11G   0.00986  0.005935         0   0.01579        40       640    0.9848         1    0.9857    0.7563   0.00949   0.00308         0
   230/499     4.11G   0.01076  0.005655         0   0.01641        39       640    0.9848         1    0.9875    0.7512  0.009443  0.003234         0
   231/499     4.11G   0.01098  0.005627         0   0.01661        43       640    0.9848         1    0.9876    0.7444  0.009839  0.003362         0
   232/499     4.11G   0.01049  0.005682         0   0.01617        42       640    0.9848         1    0.9854    0.7461  0.009613  0.003097         0
   233/499     4.11G   0.01026  0.005808         0   0.01607        44       640    0.9848         1    0.9839    0.7544  0.009177  0.003345         0
   234/499     4.11G   0.01045  0.005705         0   0.01616        44       640    0.9848         1    0.9845    0.7616   0.00898  0.003314         0
   235/499     4.11G   0.01076  0.005617         0   0.01638        41       640    0.9848         1    0.9854    0.7596  0.008878  0.003396         0
   236/499     4.11G  0.009704  0.005587         0   0.01529        35       640    0.9848         1    0.9873    0.7577  0.009192  0.003389         0
   237/499     4.11G   0.01063  0.005719         0   0.01635        41       640    0.9848         1    0.9856    0.7624  0.009423   0.00341         0
   238/499     4.11G   0.01041  0.005428         0   0.01584        33       640    0.9848         1    0.9827    0.7631  0.009537  0.003396         0
   239/499     4.11G    0.0102  0.005923         0   0.01613        35       640    0.9848         1     0.983    0.7534  0.009481  0.003245         0
   240/499     4.11G  0.009998  0.005727         0   0.01572        36       640    0.9848         1    0.9831     0.751  0.009112  0.003287         0
   241/499     4.11G  0.009407  0.005734         0   0.01514        44       640    0.9848         1    0.9836    0.7598  0.009195  0.003242         0
   242/499     4.11G   0.01027  0.005625         0    0.0159        41       640    0.9848         1    0.9834    0.7635  0.009587  0.003392         0
   243/499     4.11G  0.009708  0.005666         0   0.01537        38       640    0.9848         1    0.9847    0.7597  0.009255  0.003303         0
   244/499     4.11G  0.008762  0.005711         0   0.01447        43       640    0.9848         1    0.9873    0.7587  0.009482   0.00333         0
   245/499     4.11G    0.0097  0.005667         0   0.01537        44       640    0.9848         1    0.9882    0.7481   0.00963    0.0034         0
   246/499     4.11G   0.01029  0.005637         0   0.01592        37       640    0.9848         1    0.9865    0.7568  0.009357  0.003274         0
   247/499     4.11G  0.009592  0.005628         0   0.01522        45       640    0.9848         1    0.9851    0.7462  0.009682  0.003334         0
   248/499     4.11G  0.009458  0.005901         0   0.01536        32       640    0.9848         1    0.9862     0.745  0.009701  0.003467         0
   249/499     4.11G   0.01036  0.005493         0   0.01585        42       640    0.9848         1    0.9848    0.7472      0.01  0.003397         0
   250/499     4.11G   0.01003  0.005711         0   0.01574        43       640    0.9848         1    0.9852    0.7567  0.009861  0.003383         0
   251/499     4.11G  0.009188  0.005564         0   0.01475        44       640    0.9848         1    0.9839    0.7583  0.009658  0.003369         0
   252/499     4.11G  0.009758  0.005358         0   0.01512        41       640    0.9848         1    0.9844    0.7546  0.009937  0.003594         0
   253/499     4.11G  0.009566  0.005592         0   0.01516        36       640    0.9848         1    0.9859    0.7565  0.009545  0.003487         0
   254/499     4.11G  0.009336  0.005405         0   0.01474        36       640    0.9848         1    0.9848    0.7537  0.009449  0.003395         0
   255/499     4.11G   0.00967  0.005553         0   0.01522        41       640    0.9848         1    0.9876    0.7576  0.009322  0.003212         0
   256/499     4.11G   0.01096  0.005587         0   0.01654        43       640    0.9848         1    0.9878    0.7615  0.009452   0.00335         0
   257/499     4.11G   0.01015   0.00585         0     0.016        43       640    0.9848         1    0.9902    0.7525  0.009954   0.00345         0
   258/499     4.11G  0.009719  0.005278         0     0.015        39       640    0.9848         1     0.987    0.7542  0.009917  0.003412         0
   259/499     4.11G  0.009265  0.005542         0   0.01481        44       640    0.9848         1    0.9877    0.7524   0.01022  0.003358         0
   260/499     4.11G  0.008883  0.005391         0   0.01427        35       640    0.9848         1    0.9873    0.7488   0.01011  0.003242         0
   261/499     4.11G  0.009557  0.005378         0   0.01493        37       640    0.9848         1     0.986    0.7516   0.01005  0.003336         0
   262/499     4.11G    0.0094  0.005448         0   0.01485        41       640    0.9848         1    0.9846    0.7519  0.009971  0.003402         0
   263/499     4.11G   0.01107   0.00552         0   0.01659        42       640    0.9848         1    0.9837    0.7569  0.009751  0.003238         0
   264/499     4.11G  0.009545  0.005624         0   0.01517        39       640    0.9848         1    0.9843    0.7569  0.009757  0.003298         0
   265/499     4.11G  0.009576  0.005316         0   0.01489        38       640    0.9848         1    0.9835     0.758  0.009595  0.003422         0
   266/499     4.11G    0.0102  0.005795         0   0.01599        41       640    0.9848         1    0.9842     0.753  0.009844  0.003341         0
   267/499     4.11G  0.009049  0.005511         0   0.01456        39       640    0.9848         1    0.9852    0.7534  0.009835  0.003263         0
   268/499     4.11G  0.009371  0.005367         0   0.01474        36       640    0.9848         1    0.9865    0.7487  0.009951   0.00331         0
   269/499     4.11G  0.009183  0.005312         0    0.0145        40       640    0.9848         1    0.9858    0.7488  0.009862  0.003317         0
   270/499     4.11G  0.009574  0.005361         0   0.01494        47       640    0.9848         1    0.9839    0.7576  0.009762  0.003311         0
   271/499     4.11G  0.009311  0.005413         0   0.01472        42       640    0.9848         1    0.9841    0.7583  0.009233  0.003293         0
   272/499     4.11G  0.009167  0.005446         0   0.01461        41       640    0.9848         1    0.9841    0.7523  0.009587  0.003262         0
   273/499     4.11G  0.009154  0.005181         0   0.01434        45       640    0.9848         1    0.9838    0.7563  0.009484  0.003238         0
   274/499     4.11G  0.009212   0.00519         0    0.0144        39       640    0.9848         1    0.9844    0.7658  0.009484  0.003363         0
   275/499     4.11G    0.0101  0.005593         0   0.01569        44       640    0.9848         1    0.9854    0.7637  0.009755  0.003321         0
   276/499     4.11G  0.009627    0.0054         0   0.01503        34       640    0.9848         1    0.9858    0.7699  0.009764  0.003243         0
   277/499     4.11G  0.008995  0.005127         0   0.01412        29       640    0.9848         1    0.9868    0.7663  0.009582  0.003267         0
   278/499     4.11G   0.01002  0.005296         0   0.01532        43       640    0.9848         1    0.9853    0.7613  0.009655  0.003318         0
   279/499     4.11G  0.009226  0.005489         0   0.01472        35       640    0.9848         1    0.9854     0.762  0.009495  0.003509         0
   280/499     4.11G  0.008932  0.005291         0   0.01422        41       640    0.9848         1    0.9834    0.7549  0.009623  0.003526         0
   281/499     4.11G  0.009165   0.00535         0   0.01452        36       640    0.9848         1    0.9862    0.7555  0.009598  0.003486         0
   282/499     4.11G  0.008371  0.005118         0   0.01349        36       640    0.9848         1     0.987    0.7576  0.009691  0.003617         0
   283/499     4.11G  0.009149  0.005171         0   0.01432        35       640    0.9848         1    0.9874     0.757  0.009785  0.003749         0
   284/499     4.11G  0.008422  0.005135         0   0.01356        39       640    0.9848         1    0.9869    0.7545  0.009659  0.003714         0
   285/499     4.11G  0.008476  0.005223         0    0.0137        48       640    0.9848         1    0.9872    0.7597  0.009693  0.003659         0
   286/499     4.11G  0.008477  0.005154         0   0.01363        42       640    0.9848         1    0.9863    0.7609  0.009488  0.003666         0
   287/499     4.11G   0.00782  0.005002         0   0.01282        36       640    0.9848         1    0.9845    0.7641  0.009435  0.003601         0
   288/499     4.11G  0.008505  0.005105         0   0.01361        43       640    0.9848         1    0.9845    0.7552  0.009498   0.00352         0
   289/499     4.11G  0.008801  0.005301         0    0.0141        45       640    0.9848         1    0.9849    0.7559  0.009703  0.003563         0
   290/499     4.11G  0.008353  0.005138         0   0.01349        42       640    0.9848         1    0.9851    0.7523  0.009669  0.003513         0
   291/499     4.11G   0.00964  0.004987         0   0.01463        38       640    0.9848         1    0.9845    0.7636  0.009718  0.003465         0
   292/499     4.11G  0.008757  0.005201         0   0.01396        38       640    0.9848         1    0.9836    0.7582   0.00961  0.003485         0
   293/499     4.11G  0.008804  0.005268         0   0.01407        39       640    0.9848         1    0.9851    0.7656  0.009564  0.003604         0
   294/499     4.11G  0.009329  0.005282         0   0.01461        39       640    0.9848         1    0.9848     0.758  0.009549  0.003646         0
   295/499     4.11G  0.009469   0.00513         0    0.0146        38       640    0.9848         1     0.985    0.7582  0.009899  0.003619         0
   296/499     4.11G  0.008646  0.004963         0   0.01361        42       640    0.9848         1    0.9856    0.7593  0.009572  0.003586         0
   297/499     4.11G  0.008663  0.005104         0   0.01377        38       640    0.9848         1    0.9851    0.7672  0.009339  0.003575         0
   298/499     4.11G  0.007842  0.005016         0   0.01286        40       640    0.9848         1    0.9848    0.7671   0.00971  0.003587         0
   299/499     4.11G  0.008074  0.004885         0   0.01296        38       640    0.9848         1    0.9846    0.7637  0.009617  0.003641         0
   300/499     4.11G  0.008363  0.004877         0   0.01324        36       640    0.9848         1    0.9838    0.7617    0.0098  0.003632         0
   301/499     4.11G  0.007835  0.004766         0    0.0126        33       640    0.9848         1    0.9835    0.7673  0.009804  0.003603         0
   302/499     4.11G  0.008941  0.005206         0   0.01415        45       640    0.9848         1    0.9831    0.7673  0.009638  0.003555         0
   303/499     4.11G  0.008787   0.00522         0   0.01401        36       640    0.9848         1    0.9823    0.7675  0.009852  0.003521         0
   304/499     4.11G  0.008868  0.005192         0   0.01406        49       640    0.9848         1    0.9829    0.7606   0.01002  0.003561         0
   305/499     4.11G  0.008333  0.004818         0   0.01315        43       640    0.9848         1     0.984     0.762   0.00979  0.003548         0
   306/499     4.11G  0.008602  0.004812         0   0.01341        39       640    0.9848         1    0.9833    0.7631   0.01018  0.003463         0
   307/499     4.11G  0.008768  0.005136         0    0.0139        44       640    0.9848         1    0.9833    0.7667  0.009947  0.003474         0
   308/499     4.11G  0.007692  0.004725         0   0.01242        42       640    0.9848         1    0.9832    0.7673  0.009931  0.003526         0
   309/499     4.11G   0.00829  0.004878         0   0.01317        38       640    0.9848         1    0.9826    0.7624  0.009594  0.003637         0
   310/499     4.11G   0.00813  0.004828         0   0.01296        42       640    0.9848         1    0.9827    0.7601  0.009473  0.003602         0
   311/499     4.11G  0.007996  0.004714         0   0.01271        40       640    0.9848         1    0.9843    0.7628  0.009366  0.003522         0
   312/499     4.11G  0.008652  0.004957         0   0.01361        41       640    0.9848         1    0.9848    0.7565  0.009345   0.00353         0
   313/499     4.11G  0.007839  0.004956         0    0.0128        32       640    0.9848         1     0.985    0.7646  0.009545  0.003543         0
   314/499     4.11G  0.008553  0.004719         0   0.01327        42       640    0.9848         1    0.9863    0.7683  0.009573  0.003522         0
   315/499     4.11G  0.008638  0.005091         0   0.01373        44       640    0.9848         1    0.9844    0.7675  0.009679  0.003566         0
   316/499     4.11G  0.008879  0.004976         0   0.01386        42       640    0.9848         1    0.9842    0.7641  0.009677  0.003567         0
   317/499     4.11G  0.008224  0.004946         0   0.01317        40       640    0.9848         1    0.9836    0.7627  0.009626   0.00357         0
   318/499     4.11G  0.008576  0.005029         0   0.01361        43       640    0.9848         1    0.9832    0.7656  0.009479  0.003586         0
   319/499     4.11G  0.008579  0.004765         0   0.01334        46       640    0.9848         1    0.9837    0.7609  0.009659  0.003682         0
   320/499     4.11G  0.008034  0.004915         0   0.01295        39       640    0.9848         1    0.9832    0.7673  0.009471  0.003682         0
   321/499     4.11G  0.007719  0.004804         0   0.01252        51       640    0.9848         1    0.9831    0.7575  0.009302  0.003572         0
   322/499     4.11G  0.007963  0.004736         0    0.0127        46       640    0.9848         1    0.9831    0.7644  0.009136   0.00354         0
   323/499     4.11G  0.008348  0.004862         0   0.01321        45       640    0.9848         1    0.9833    0.7622  0.009284  0.003587         0
   324/499     4.11G   0.00887  0.004831         0    0.0137        45       640    0.9848         1    0.9834    0.7554  0.009164   0.00358         0
   325/499     4.11G  0.008208  0.004868         0   0.01308        39       640    0.9848         1    0.9829    0.7539  0.008989   0.00357         0
   326/499     4.11G  0.009101  0.004993         0   0.01409        37       640    0.9848         1    0.9828    0.7585  0.009038  0.003527         0
   327/499     4.11G  0.008249  0.004797         0   0.01305        36       640    0.9848         1     0.983    0.7571  0.009263  0.003509         0
   328/499     4.11G  0.008186  0.004815         0     0.013        38       640    0.9848         1    0.9831    0.7664  0.009386  0.003439         0
   329/499     4.11G  0.007895  0.004689         0   0.01258        40       640    0.9848         1    0.9837    0.7616  0.009461  0.003462         0
   330/499     4.11G  0.009181   0.00492         0    0.0141        37       640    0.9848         1     0.984    0.7636  0.009577  0.003528         0
   331/499     4.11G  0.007944  0.004568         0   0.01251        39       640    0.9848         1    0.9848    0.7615  0.009636  0.003538         0
   332/499     4.11G  0.007849  0.004835         0   0.01268        42       640    0.9848         1    0.9849    0.7555  0.009708  0.003523         0
   333/499     4.11G  0.008647  0.004873         0   0.01352        42       640    0.9848         1    0.9849    0.7545  0.009694  0.003562         0
   334/499     4.11G  0.008707   0.00498         0   0.01369        33       640    0.9848         1    0.9847    0.7512  0.009869  0.003601         0
   335/499     4.11G  0.008116  0.004874         0   0.01299        32       640    0.9848         1    0.9857    0.7566  0.009923  0.003654         0
   336/499     4.11G  0.008405  0.004798         0    0.0132        44       640    0.9848         1    0.9872     0.755  0.009744  0.003629         0
   337/499     4.11G  0.007809   0.00495         0   0.01276        41       640    0.9848         1    0.9882    0.7568  0.009679  0.003587         0
   338/499     4.11G  0.008213  0.004787         0     0.013        45       640    0.9848         1    0.9867     0.755  0.009817  0.003579         0
   339/499     4.11G  0.008101  0.004723         0   0.01282        36       640    0.9848         1    0.9864    0.7585  0.009856  0.003633         0
   340/499     4.11G  0.007505  0.004656         0   0.01216        45       640    0.9848         1    0.9865    0.7542  0.009693  0.003666         0
   341/499     4.11G  0.008127  0.004827         0   0.01295        48       640    0.9848         1    0.9868    0.7539  0.009706   0.00373         0
   342/499     4.11G  0.007923  0.004681         0    0.0126        43       640    0.9848         1    0.9871    0.7542  0.009736  0.003725         0
   343/499     4.11G  0.007462  0.004689         0   0.01215        31       640    0.9848         1    0.9873    0.7577   0.00964  0.003629         0
   344/499     4.11G  0.007812  0.004777         0   0.01259        40       640    0.9848         1    0.9868     0.756   0.00955  0.003567         0
   345/499     4.11G  0.007549  0.004428         0   0.01198        45       640    0.9848         1    0.9879    0.7599  0.009451  0.003583         0
   346/499     4.11G  0.007416  0.004746         0   0.01216        38       640    0.9848         1    0.9864    0.7573  0.009573  0.003599         0
   347/499     4.11G  0.008291  0.004787         0   0.01308        39       640    0.9848         1    0.9856     0.758  0.009656   0.00363         0
   348/499     4.11G  0.006801  0.004454         0   0.01125        39       640    0.9848         1    0.9841    0.7546  0.009683  0.003679         0
   349/499     4.11G  0.008029  0.004576         0    0.0126        35       640    0.9848         1    0.9843     0.755  0.009785  0.003713         0
   350/499     4.11G  0.007446  0.004605         0   0.01205        46       640    0.9848         1    0.9837    0.7544  0.009874  0.003717         0
   351/499     4.11G   0.00828  0.004678         0   0.01296        41       640    0.9848         1    0.9842    0.7576  0.009836  0.003716         0
   352/499     4.11G  0.007714  0.004568         0   0.01228        48       640    0.9848         1    0.9846    0.7588  0.009565  0.003675         0
   353/499     4.11G  0.008423  0.004655         0   0.01308        41       640    0.9848         1    0.9841    0.7578  0.009507  0.003701         0
   354/499     4.11G  0.007355   0.00462         0   0.01197        38       640    0.9848         1    0.9847    0.7576  0.009588  0.003721         0
   355/499     4.11G  0.007878  0.004657         0   0.01253        41       640    0.9848         1     0.986    0.7542  0.009542  0.003742         0
   356/499     4.11G  0.007753  0.004468         0   0.01222        33       640    0.9848         1    0.9866     0.755  0.009757  0.003726         0
   357/499     4.11G  0.007739  0.004606         0   0.01235        37       640    0.9848         1    0.9862    0.7566  0.009563  0.003703         0
   358/499     4.11G  0.007358  0.004554         0   0.01191        40       640    0.9848         1    0.9865    0.7602  0.009415  0.003712         0
   359/499     4.11G  0.008065  0.004808         0   0.01287        46       640    0.9848         1    0.9852    0.7552  0.009334  0.003714         0
   360/499     4.11G  0.007407   0.00442         0   0.01183        43       640    0.9848         1    0.9847    0.7591  0.009252  0.003691         0
   361/499     4.11G  0.007721   0.00462         0   0.01234        40       640    0.9848         1    0.9852    0.7526  0.009186  0.003635         0
   362/499     4.11G  0.007549  0.004585         0   0.01213        33       640    0.9848         1    0.9851    0.7553  0.009292  0.003597         0
   363/499     4.11G  0.007341  0.004469         0   0.01181        44       640    0.9848         1    0.9855    0.7554  0.009232  0.003613         0
   364/499     4.11G  0.007423   0.00458         0     0.012        52       640    0.9848         1    0.9861    0.7543  0.009287   0.00359         0
   365/499     4.11G  0.007519  0.004542         0   0.01206        39       640    0.9848         1    0.9877    0.7641  0.009262   0.00361         0
   366/499     4.11G  0.007442  0.004562         0     0.012        36       640    0.9848         1    0.9853    0.7609    0.0092   0.00362         0
   367/499     4.11G  0.007673  0.004524         0    0.0122        36       640    0.9848         1    0.9851    0.7614  0.009322   0.00369         0
   368/499     4.11G   0.00759  0.004492         0   0.01208        47       640    0.9848         1     0.985    0.7582  0.009311  0.003748         0
   369/499     4.11G  0.007281  0.004501         0   0.01178        37       640    0.9848         1     0.985    0.7548  0.009412  0.003735         0
   370/499     4.11G   0.00669  0.004357         0   0.01105        44       640    0.9848         1    0.9857    0.7586  0.009326  0.003736         0
   371/499     4.11G  0.007515  0.004499         0   0.01201        34       640    0.9848         1    0.9854    0.7572  0.009274  0.003753         0
   372/499     4.11G  0.007164  0.004309         0   0.01147        37       640    0.9848         1    0.9848    0.7583  0.009237  0.003745         0
   373/499     4.11G  0.007154  0.004434         0   0.01159        30       640    0.9848         1    0.9849    0.7611  0.009228  0.003804         0
   374/499     4.11G  0.007745  0.004444         0   0.01219        44       640    0.9848         1    0.9849    0.7638  0.009249  0.003846         0
   375/499     4.11G  0.006902  0.004316         0   0.01122        38       640    0.9848         1    0.9858    0.7682  0.009334  0.003836         0
   376/499     4.11G  0.006538  0.004303         0   0.01084        46       640    0.9848         1     0.986    0.7667  0.009371  0.003822         0
   377/499     4.11G  0.007753  0.004621         0   0.01237        37       640    0.9848         1    0.9863    0.7684  0.009337   0.00377         0
   378/499     4.11G  0.006793  0.004314         0   0.01111        40       640    0.9848         1    0.9872    0.7749  0.009295  0.003784         0
   379/499     4.11G   0.00696  0.004218         0   0.01118        42       640    0.9848         1    0.9898    0.7743  0.009372  0.003775         0
   380/499     4.11G  0.007322  0.004379         0    0.0117        47       640    0.9848         1    0.9911     0.776  0.009383  0.003779         0
   381/499     4.11G  0.006871  0.004467         0   0.01134        40       640    0.9848         1    0.9914    0.7761  0.009369   0.00378         0
   382/499     4.11G   0.00719  0.004443         0   0.01163        35       640    0.9848         1    0.9927    0.7726  0.009436  0.003775         0
   383/499     4.11G  0.007103  0.004214         0   0.01132        34       640    0.9848         1    0.9914    0.7679  0.009384  0.003785         0
   384/499     4.11G  0.006957  0.004215         0   0.01117        37       640    0.9848         1    0.9913    0.7696   0.00932   0.00385         0
   385/499     4.11G  0.007289  0.004473         0   0.01176        40       640    0.9848         1    0.9905    0.7711  0.009375  0.003871         0
   386/499     4.11G  0.007318  0.004264         0   0.01158        49       640    0.9848         1      0.99    0.7696  0.009333  0.003853         0
   387/499     4.11G  0.007785  0.004487         0   0.01227        35       640    0.9848         1    0.9901    0.7699  0.009346  0.003847         0
   388/499     4.11G  0.006831  0.004334         0   0.01116        40       640    0.9848         1    0.9909    0.7692  0.009257  0.003871         0
   389/499     4.11G  0.007442    0.0042         0   0.01164        34       640    0.9848         1    0.9921      0.77  0.009208  0.003862         0
   390/499     4.11G  0.006932  0.004419         0   0.01135        38       640    0.9848         1    0.9912    0.7639  0.009151  0.003858         0
   391/499     4.11G   0.00668  0.004185         0   0.01086        46       640    0.9848         1    0.9906    0.7667   0.00919  0.003844         0
   392/499     4.11G  0.007141  0.004408         0   0.01155        35       640    0.9848         1    0.9905    0.7655  0.009223  0.003797         0
   393/499     4.11G  0.007016  0.004381         0    0.0114        33       640    0.9848         1      0.99    0.7621  0.009158  0.003819         0
   394/499     4.11G  0.006982  0.004239         0   0.01122        41       640    0.9848         1    0.9895    0.7634  0.009114  0.003848         0
   395/499     4.11G  0.006884  0.004209         0   0.01109        43       640    0.9848         1      0.99    0.7637  0.009154  0.003875         0
   396/499     4.11G  0.007133  0.004226         0   0.01136        40       640    0.9848         1    0.9895    0.7593  0.009319  0.003893         0
   397/499     4.11G  0.006891  0.004327         0   0.01122        40       640    0.9848         1    0.9887    0.7575   0.00949  0.003886         0
   398/499     4.11G  0.006332  0.004054         0   0.01039        35       640    0.9848         1    0.9887    0.7576  0.009519  0.003893         0
   399/499     4.11G  0.006425  0.004397         0   0.01082        42       640    0.9848         1    0.9893    0.7587  0.009526  0.003885         0
   400/499     4.11G  0.006884  0.004227         0   0.01111        48       640    0.9848         1    0.9889    0.7592  0.009495   0.00388         0
   401/499     4.11G  0.007035  0.004116         0   0.01115        32       640    0.9848         1    0.9894    0.7619  0.009515  0.003885         0
   402/499     4.11G  0.006661  0.004247         0   0.01091        34       640    0.9848         1    0.9903    0.7661  0.009428   0.00387         0
   403/499     4.11G  0.006885  0.004342         0   0.01123        41       640    0.9848         1    0.9915    0.7684  0.009362  0.003868         0
   404/499     4.11G  0.007031  0.004373         0    0.0114        40       640    0.9848         1    0.9915    0.7626  0.009391  0.003899         0
   405/499     4.11G  0.006633  0.004254         0   0.01089        36       640    0.9848         1    0.9915     0.762  0.009401  0.003922         0
   406/499     4.11G    0.0065  0.004168         0   0.01067        44       640    0.9848         1    0.9918    0.7645  0.009433  0.003937         0
   407/499     4.11G  0.006092  0.004039         0   0.01013        33       640    0.9848         1    0.9911    0.7658    0.0094  0.003936         0
   408/499     4.11G  0.006285  0.004213         0    0.0105        43       640    0.9848         1    0.9913    0.7663  0.009464  0.003913         0
   409/499     4.11G  0.006449  0.004274         0   0.01072        38       640    0.9848         1    0.9903    0.7646  0.009462  0.003924         0
   410/499     4.11G  0.006296   0.00415         0   0.01045        41       640    0.9848         1    0.9906    0.7649  0.009391  0.003954         0
   411/499     4.11G  0.006361  0.004142         0    0.0105        45       640    0.9848         1    0.9903    0.7627  0.009365  0.003948         0
   412/499     4.11G  0.006479  0.004263         0   0.01074        46       640    0.9848         1    0.9904    0.7651  0.009413  0.003929         0
   413/499     4.11G  0.007014   0.00431         0   0.01132        45       640    0.9848         1    0.9896     0.768   0.00938  0.003942         0
   414/499     4.11G  0.006687  0.004189         0   0.01088        41       640    0.9848         1    0.9905    0.7666   0.00939  0.003969         0
   415/499     4.11G   0.00702  0.004111         0   0.01113        43       640    0.9848         1    0.9903    0.7673  0.009481  0.003965         0
   416/499     4.11G  0.006245  0.004191         0   0.01044        40       640    0.9848         1      0.99    0.7675  0.009578  0.003954         0
   417/499     4.11G  0.007019   0.00429         0   0.01131        42       640    0.9848         1     0.989    0.7665  0.009595  0.003938         0
   418/499     4.11G  0.006802  0.004229         0   0.01103        43       640    0.9848         1    0.9887      0.77  0.009678  0.003914         0
   419/499     4.11G     0.007  0.004143         0   0.01114        47       640    0.9848         1    0.9887    0.7665  0.009626  0.003914         0
   420/499     4.11G  0.006324  0.004088         0   0.01041        41       640    0.9848         1    0.9883    0.7659   0.00958  0.003931         0
   421/499     4.11G  0.006382  0.004251         0   0.01063        45       640    0.9848         1    0.9887    0.7657  0.009558  0.003913         0
   422/499     4.11G  0.006694  0.004125         0   0.01082        42       640    0.9848         1    0.9891    0.7693  0.009455  0.003901         0
   423/499     4.11G  0.007125  0.004228         0   0.01135        31       640    0.9848         1    0.9893    0.7708  0.009406  0.003907         0
   424/499     4.11G  0.006104  0.004012         0   0.01012        38       640    0.9848         1    0.9895    0.7715  0.009352  0.003899         0
   425/499     4.11G  0.006809  0.004312         0   0.01112        46       640    0.9848         1    0.9899    0.7708   0.00932  0.003863         0
   426/499     4.11G  0.006612  0.004081         0   0.01069        46       640    0.9848         1    0.9901    0.7726  0.009307  0.003865         0
   427/499     4.11G  0.006974  0.004147         0   0.01112        43       640    0.9848         1    0.9897    0.7714  0.009315  0.003884         0
   428/499     4.11G  0.007127  0.004192         0   0.01132        44       640    0.9848         1    0.9901    0.7721  0.009311  0.003894         0
   429/499     4.11G  0.006321  0.004106         0   0.01043        39       640    0.9848         1    0.9897    0.7712  0.009308  0.003874         0
   430/499     4.11G  0.006401    0.0042         0    0.0106        41       640    0.9848         1      0.99    0.7712   0.00928  0.003875         0
   431/499     4.11G  0.006838   0.00418         0   0.01102        40       640    0.9848         1    0.9895    0.7723  0.009243  0.003863         0
   432/499     4.11G  0.006468  0.004137         0    0.0106        32       640    0.9848         1    0.9891    0.7726  0.009236  0.003872         0
   433/499     4.11G  0.006097  0.004072         0   0.01017        41       640    0.9848         1    0.9885    0.7694   0.00926  0.003875         0
   434/499     4.11G  0.006082  0.004194         0   0.01028        34       640    0.9848         1    0.9883    0.7709  0.009267  0.003858         0
   435/499     4.11G  0.006045  0.004063         0   0.01011        47       640    0.9848         1    0.9879    0.7662  0.009285  0.003865         0
   436/499     4.11G  0.006172  0.003999         0   0.01017        36       640    0.9848         1    0.9873    0.7653  0.009348  0.003894         0
   437/499     4.11G  0.006469  0.003986         0   0.01046        35       640    0.9848         1    0.9869    0.7662  0.009338  0.003924         0
   438/499     4.11G  0.005964  0.004098         0   0.01006        45       640    0.9848         1    0.9863    0.7588  0.009435  0.003923         0
   439/499     4.11G  0.005991  0.003903         0  0.009894        42       640    0.9848         1    0.9866     0.762  0.009407  0.003943         0
   440/499     4.11G  0.006203  0.004083         0   0.01029        32       640    0.9848         1     0.987     0.764  0.009313  0.003971         0
   441/499     4.11G  0.006145  0.004084         0   0.01023        41       640    0.9848         1    0.9877    0.7677  0.009357  0.003997         0
   442/499     4.11G  0.006335  0.004009         0   0.01034        34       640    0.9848         1    0.9877    0.7675  0.009345   0.00403         0
   443/499     4.11G  0.006852  0.004059         0   0.01091        53       640    0.9848         1    0.9882    0.7707   0.00931  0.004042         0
   444/499     4.11G  0.006071  0.003923         0  0.009994        42       640    0.9848         1    0.9891    0.7692   0.00928  0.004067         0
   445/499     4.11G  0.006489  0.003966         0   0.01045        39       640    0.9848         1    0.9889    0.7682   0.00925  0.004062         0
   446/499     4.11G   0.00658  0.004041         0   0.01062        47       640    0.9848         1    0.9895      0.77  0.009214  0.004061         0
   447/499     4.11G  0.005972  0.003864         0  0.009836        36       640    0.9848         1    0.9899    0.7708  0.009191  0.004068         0
   448/499     4.11G  0.006543    0.0041         0   0.01064        42       640    0.9848         1    0.9903    0.7705  0.009164  0.004068         0
   449/499     4.11G  0.006995  0.004066         0   0.01106        38       640    0.9848         1    0.9898     0.771  0.009179   0.00408         0
   450/499     4.11G  0.006392  0.004042         0   0.01043        41       640    0.9848         1    0.9903    0.7686  0.009171  0.004082         0
   451/499     4.11G  0.007077  0.004172         0   0.01125        42       640    0.9848         1    0.9898    0.7676  0.009187  0.004068         0
   452/499     4.11G  0.006482  0.004124         0   0.01061        35       640    0.9848         1    0.9898    0.7673  0.009122  0.004064         0
   453/499     4.11G  0.006157  0.003959         0   0.01012        45       640    0.9848         1    0.9898    0.7666   0.00911  0.004057         0
   454/499     4.11G  0.007231  0.004048         0   0.01128        44       640    0.9848         1    0.9895    0.7671  0.009132  0.004048         0
   455/499     4.11G  0.006417  0.003952         0   0.01037        36       640    0.9848         1    0.9896    0.7692  0.009126  0.004049         0
   456/499     4.11G  0.006184  0.004006         0   0.01019        36       640    0.9848         1    0.9899    0.7683  0.009069  0.004029         0
   457/499     4.11G  0.006117  0.004086         0    0.0102        41       640    0.9848         1    0.9888    0.7672  0.009054  0.004002         0
   458/499     4.11G  0.006094  0.003971         0   0.01007        40       640    0.9848         1    0.9887    0.7669  0.009044  0.003981         0
   459/499     4.11G  0.006178  0.004079         0   0.01026        41       640    0.9848         1    0.9887    0.7673  0.009066  0.003984         0
   460/499     4.11G  0.006356  0.003996         0   0.01035        40       640    0.9848         1    0.9895    0.7679  0.009072  0.004005         0
   461/499     4.11G  0.006121  0.003893         0   0.01001        40       640    0.9848         1    0.9887    0.7675  0.009045  0.004022         0
   462/499     4.11G   0.00647  0.004089         0   0.01056        35       640    0.9848         1    0.9886    0.7654  0.009046  0.004013         0
   463/499     4.11G  0.006238  0.003869         0   0.01011        47       640    0.9848         1    0.9886    0.7636  0.008991  0.003987         0
   464/499     4.11G  0.005872  0.003976         0  0.009848        35       640    0.9848         1    0.9891    0.7662  0.008996  0.003984         0
   465/499     4.11G  0.005799  0.003967         0  0.009766        41       640    0.9848         1    0.9883    0.7655  0.009036  0.003992         0
   466/499     4.11G  0.006812  0.003994         0   0.01081        37       640    0.9848         1    0.9881    0.7645  0.009058  0.003996         0
   467/499     4.11G  0.005937  0.004001         0  0.009938        36       640    0.9848         1     0.989    0.7657  0.009086  0.004002         0
   468/499     4.11G  0.006232  0.003727         0  0.009959        38       640    0.9848         1    0.9888    0.7668  0.009103  0.004021         0
   469/499     4.11G   0.00652  0.004047         0   0.01057        44       640    0.9848         1    0.9893     0.765  0.009121  0.004015         0
   470/499     4.11G  0.006834  0.003955         0   0.01079        39       640    0.9848         1    0.9897     0.766  0.009141  0.003994         0
   471/499     4.11G  0.005478  0.003886         0  0.009364        25       640    0.9848         1    0.9899    0.7662  0.009164  0.003971         0
   472/499     4.11G   0.00648  0.003945         0   0.01043        48       640    0.9848         1    0.9899    0.7646  0.009131  0.003956         0
   473/499     4.11G  0.005862   0.00391         0  0.009772        42       640    0.9848         1    0.9904     0.764  0.009085  0.003945         0
   474/499     4.11G  0.005727  0.003791         0  0.009517        46       640    0.9848         1    0.9904    0.7654   0.00912  0.003952         0
   475/499     4.11G  0.005954  0.003965         0  0.009919        44       640    0.9848         1    0.9906    0.7652  0.009081   0.00396         0
   476/499     4.11G  0.006311  0.003951         0   0.01026        37       640    0.9848         1     0.991    0.7662  0.009069  0.003959         0
   477/499     4.11G  0.005384  0.003663         0  0.009046        37       640    0.9848         1    0.9914    0.7645   0.00908   0.00396         0
   478/499     4.11G  0.006513  0.004042         0   0.01055        39       640    0.9848         1    0.9913    0.7644  0.009048  0.003983         0
   479/499     4.11G  0.006159   0.00375         0  0.009909        42       640    0.9848         1    0.9922    0.7653  0.009038  0.004004         0
   480/499     4.11G  0.006212   0.00375         0  0.009961        44       640    0.9848         1    0.9927    0.7655  0.009033  0.004022         0
   481/499     4.11G  0.005899  0.004112         0   0.01001        42       640    0.9848         1    0.9929    0.7633  0.009079  0.004023         0
   482/499     4.11G  0.006472  0.003858         0   0.01033        39       640    0.9848         1    0.9929    0.7631  0.009096  0.004029         0
   483/499     4.11G  0.005917  0.003788         0  0.009705        43       640    0.9848         1    0.9931    0.7668  0.009081   0.00405         0
   484/499     4.11G  0.005992  0.003862         0  0.009854        42       640    0.9848         1    0.9931    0.7651  0.009061  0.004055         0
   485/499     4.11G  0.006239  0.004103         0   0.01034        30       640    0.9848         1    0.9932    0.7671  0.009035  0.004071         0
   486/499     4.11G  0.006229  0.004032         0   0.01026        38       640    0.9848         1    0.9925    0.7678  0.009012  0.004073         0
   487/499     4.11G  0.006601  0.003903         0    0.0105        48       640    0.9848         1    0.9925    0.7681  0.009002  0.004065         0
   488/499     4.11G  0.006409  0.003734         0   0.01014        39       640    0.9848         1    0.9919    0.7679  0.009004  0.004054         0
   489/499     4.11G  0.005889  0.003799         0  0.009688        40       640    0.9848         1    0.9924    0.7661  0.009018  0.004044         0
   490/499     4.11G  0.006318  0.003894         0   0.01021        37       640    0.9848         1     0.992    0.7658  0.009023   0.00404         0
   491/499     4.11G   0.00564  0.003771         0  0.009412        39       640    0.9848         1    0.9911    0.7648  0.009015  0.004048         0
   492/499     4.11G  0.005896   0.00387         0  0.009766        46       640    0.9848         1    0.9907    0.7641  0.009021   0.00405         0
   493/499     4.11G  0.006138   0.00388         0   0.01002        39       640    0.9848         1      0.99    0.7625  0.009004  0.004059         0
   494/499     4.11G  0.006247   0.00372         0  0.009967        39       640    0.9848         1    0.9901    0.7638  0.008964  0.004069         0
   495/499     4.11G  0.005816  0.003825         0  0.009641        38       640    0.9848         1    0.9897    0.7625  0.008962  0.004076         0
   496/499     4.11G  0.005975  0.003742         0  0.009717        39       640    0.9848         1     0.989    0.7652  0.008941  0.004084         0
   497/499     4.11G  0.005817  0.003901         0  0.009717        37       640    0.9848         1    0.9894    0.7649  0.008923  0.004092         0
   498/499     4.11G  0.006134  0.003814         0  0.009947        39       640    0.9848         1    0.9895    0.7637  0.008926  0.004099         0
   499/499     4.11G   0.00639  0.003807         0    0.0102        39       640    0.9848         1    0.9892    0.7638  0.008943  0.004118         0
