      0/99     2.45G   0.07795   0.02939         0    0.1073        37       640  0.002706    0.2923 0.0009484 9.571e-05   0.03702   0.01463         0
      1/99     3.03G   0.06771   0.02935         0   0.09706        43       640   0.07673  0.007692  0.003285 0.0003639   0.03441   0.01283         0
      2/99     3.03G   0.06018   0.02781         0   0.08798        47       640   0.04268   0.01538  0.007393 0.0007671   0.03491   0.01187         0
      3/99     3.04G   0.05946   0.02797         0   0.08743        41       640    0.1042   0.05385    0.0231   0.00232   0.03528   0.01137         0
      4/99     3.04G   0.06253   0.02828         0   0.09081        42       640    0.2788    0.3615    0.2067   0.03983   0.03378   0.01097         0
      5/99     3.04G   0.06043   0.02681         0   0.08724        40       640    0.3043    0.3634    0.2073   0.03782   0.03231   0.01042         0
      6/99     3.04G   0.05698   0.02521         0   0.08219        41       640    0.1623    0.7462    0.1513   0.02369   0.03056    0.0104         0
      7/99     3.04G   0.05649    0.0257         0   0.08219        44       640    0.2678    0.5615     0.232   0.03889   0.02846   0.01008         0
      8/99     3.04G   0.05308   0.02578         0   0.07886        38       640    0.3637    0.7211    0.3583   0.08337   0.02525   0.01303         0
      9/99     3.04G   0.05107   0.02494         0   0.07601        49       640     0.248    0.7462    0.2491   0.06651   0.02219   0.01989         0
     10/99     3.04G   0.04909   0.02334         0   0.07243        44       640    0.5543    0.8615    0.6075    0.2086   0.02242  0.009536         0
     11/99     3.04G   0.04666   0.02291         0   0.06957        46       640     0.223    0.7385     0.214   0.05684   0.02086   0.01251         0
     12/99     3.04G   0.04187   0.02014         0   0.06201        42       640    0.8206    0.9147     0.911    0.3764   0.02135  0.007375         0
     13/99     3.04G   0.04276   0.01811         0   0.06087        42       640    0.9761    0.9615    0.9875    0.5736   0.01683    0.0063         0
     14/99     3.04G   0.03983   0.01699         0   0.05682        42       640    0.3506    0.7077    0.4424    0.1984   0.02073   0.01192         0
     15/99     3.04G   0.03457   0.01518         0   0.04975        36       640    0.9697    0.9845    0.9756    0.5541   0.01732  0.004343         0
     16/99     3.04G   0.03338    0.0144         0   0.04778        40       640    0.9772    0.9923    0.9902    0.4973   0.01833  0.004749         0
     17/99     3.04G   0.03302    0.0137         0   0.04672        42       640    0.9847    0.9923    0.9836    0.6217   0.01583  0.004203         0
     18/99     3.04G   0.02996   0.01359         0   0.04355        43       640    0.9847    0.9923    0.9904    0.7165   0.01341  0.003878         0
     19/99     3.04G   0.02906   0.01312         0   0.04218        41       640    0.9847    0.9923    0.9845    0.6722    0.0132  0.004021         0
     20/99     3.04G   0.02889   0.01299         0   0.04189        41       640    0.9847    0.9923    0.9936     0.732   0.01324  0.003951         0
     21/99     3.04G   0.02924   0.01298         0   0.04222        43       640    0.9847    0.9923    0.9917    0.7265   0.01346  0.003403         0
     22/99     3.04G   0.02714   0.01245         0   0.03959        47       640    0.9847    0.9923    0.9891    0.7422   0.01328  0.003387         0
     23/99     3.04G   0.02831   0.01247         0   0.04078        41       640    0.9771    0.9846    0.9913    0.7307   0.01213  0.003304         0
     24/99     3.04G   0.02699   0.01242         0   0.03941        34       640    0.9771    0.9844    0.9871    0.7094   0.01263  0.004167         0
     25/99     3.04G   0.02673   0.01171         0   0.03844        45       640    0.9847    0.9921     0.988    0.6083   0.01605  0.004014         0
     26/99     3.04G   0.02606   0.01188         0   0.03794        40       640    0.9848         1    0.9922    0.7349   0.01141  0.003388         0
     27/99     3.04G   0.02395   0.01092         0   0.03487        38       640    0.9848         1    0.9918    0.7245   0.01283  0.004153         0
     28/99     3.04G   0.02867   0.01173         0    0.0404        37       640    0.9846    0.9923    0.9914    0.7395   0.01261  0.003304         0
     29/99     3.04G   0.02682   0.01168         0    0.0385        43       640    0.9847    0.9923    0.9908    0.7326    0.0113  0.003123         0
     30/99     3.04G    0.0258   0.01122         0   0.03702        39       640    0.9848         1    0.9923    0.7426   0.01116  0.003117         0
     31/99     3.04G   0.02513   0.01146         0   0.03659        37       640    0.9848         1    0.9895    0.7568   0.01017  0.003046         0
     32/99     3.04G   0.02501   0.01116         0   0.03617        38       640    0.9847    0.9923    0.9891    0.7166   0.01168  0.003171         0
     33/99     3.04G   0.02374   0.01129         0   0.03503        32       640    0.9847    0.9923     0.994    0.7208    0.0111  0.003173         0
     34/99     3.04G   0.02412   0.01127         0   0.03539        37       640    0.9848         1      0.99    0.7309   0.01149  0.003127         0
     35/99     3.04G   0.02516     0.011         0   0.03616        35       640    0.9848         1    0.9913    0.7153   0.01129  0.003259         0
     36/99     3.04G   0.02576   0.01106         0   0.03683        41       640    0.9848         1    0.9879    0.7165   0.01214  0.003221         0
     37/99     3.04G   0.02236   0.01047         0   0.03283        31       640    0.9848         1    0.9875    0.7431   0.01043  0.003042         0
     38/99     3.04G   0.02354    0.0109         0   0.03444        35       640    0.9848         1    0.9907    0.7219   0.01087  0.002983         0
     39/99     3.04G   0.02173   0.01073         0   0.03245        49       640    0.9848         1     0.992    0.7414   0.01033  0.003004         0
     40/99     3.04G    0.0216   0.01073         0   0.03233        42       640    0.9848         1    0.9933    0.7222   0.01024   0.00284         0
     41/99     3.04G   0.02157   0.01063         0    0.0322        33       640    0.9847    0.9923    0.9906    0.7137   0.01134  0.003067         0
     42/99     3.04G   0.02298   0.01077         0   0.03375        41       640    0.9848         1    0.9858    0.6979   0.01024  0.003214         0
     43/99     3.04G   0.02311   0.01074         0   0.03384        39       640    0.9848         1    0.9924    0.7415   0.01038  0.002962         0
     44/99     3.04G   0.02223   0.01026         0   0.03249        43       640    0.9848         1    0.9922    0.7274   0.01101  0.002938         0
     45/99     3.04G    0.0219   0.01038         0   0.03228        37       640    0.9774         1    0.9936     0.745   0.01126  0.002944         0
     46/99     3.04G   0.02048   0.01032         0    0.0308        43       640    0.9848         1    0.9897    0.7091   0.01106  0.003165         0
     47/99     3.04G   0.02134   0.01036         0    0.0317        38       640    0.9848         1    0.9928    0.7386   0.01124  0.002885         0
     48/99     3.04G   0.02082   0.01024         0   0.03106        43       640    0.9848         1    0.9892    0.7513   0.01029  0.002987         0
     49/99     3.04G   0.02333   0.01058         0   0.03391        41       640    0.9774         1    0.9924     0.767  0.009359  0.002949         0
     50/99     3.04G   0.01981   0.01014         0   0.02995        42       640    0.9848         1    0.9935    0.7402   0.00992  0.002873         0
     51/99     3.04G    0.0204   0.01022         0   0.03063        37       640    0.9848         1    0.9938    0.7489   0.01028  0.002902         0
     52/99     3.04G   0.01982  0.009949         0   0.02977        42       640    0.9848         1    0.9917    0.7597  0.009872  0.002904         0
     53/99     3.04G   0.02173   0.01014         0   0.03186        38       640    0.9848         1    0.9938    0.7466  0.009684  0.002785         0
     54/99     3.04G    0.0203  0.009972         0   0.03027        38       640    0.9848         1    0.9903    0.7509   0.01098  0.002803         0
     55/99     3.04G   0.02091   0.01051         0   0.03142        41       640    0.9848         1    0.9923    0.7393   0.01154  0.003075         0
     56/99     3.04G   0.01944   0.01005         0    0.0295        40       640    0.9848         1    0.9908    0.7545  0.009813  0.002777         0
     57/99     3.04G   0.01994  0.009984         0   0.02992        37       640    0.9848         1    0.9926    0.7663  0.009921  0.002802         0
     58/99     3.04G   0.02161   0.01034         0   0.03195        44       640    0.9848         1    0.9899    0.7548  0.009579  0.002789         0
     59/99     3.04G    0.0191  0.009917         0   0.02902        46       640    0.9848         1    0.9931    0.7546  0.009805   0.00283         0
     60/99     3.04G    0.0186  0.009971         0   0.02857        44       640    0.9848         1    0.9928    0.7633    0.0102  0.002706         0
     61/99     3.04G   0.02193   0.01014         0   0.03207        39       640    0.9848         1    0.9928    0.7637   0.01049  0.002699         0
     62/99     3.04G   0.01994   0.01022         0   0.03016        52       640    0.9847         1    0.9939    0.7205   0.01013  0.002767         0
     63/99     3.04G   0.01775   0.00992         0   0.02767        42       640    0.9848         1    0.9893     0.731   0.01005  0.002755         0
     64/99     3.04G   0.01879   0.00977         0   0.02856        33       640    0.9848         1    0.9914    0.7605  0.009357  0.002731         0
     65/99     3.04G   0.01992   0.00982         0   0.02974        43       640    0.9848         1    0.9938    0.7634    0.0101  0.002638         0
     66/99     3.04G   0.01893  0.009641         0   0.02857        43       640    0.9848         1    0.9923    0.7613  0.009657  0.002765         0
     67/99     3.04G   0.01963  0.009706         0   0.02934        45       640    0.9848         1    0.9928    0.7504   0.01006  0.002652         0
     68/99     3.04G   0.01901  0.009711         0   0.02872        45       640    0.9848         1    0.9941    0.7609   0.00998  0.002717         0
     69/99     3.04G   0.01994   0.01009         0   0.03004        45       640    0.9701         1     0.993    0.7696  0.008912  0.002697         0
     70/99     3.04G   0.01953  0.009664         0   0.02919        32       640    0.9848         1    0.9942    0.7592  0.009777  0.002718         0
     71/99     3.04G   0.01764  0.009753         0   0.02739        38       640    0.9774         1    0.9928    0.7443  0.009944  0.002757         0
     72/99     3.04G   0.01786  0.009428         0   0.02729        42       640    0.9847    0.9923    0.9939    0.7434    0.0102  0.002678         0
     73/99     3.04G   0.01752  0.009645         0   0.02716        42       640    0.9848         1    0.9907    0.7654  0.009826  0.002664         0
     74/99     3.04G   0.01793  0.009512         0   0.02745        41       640    0.9848         1     0.991    0.7634   0.00991  0.002705         0
     75/99     3.04G   0.01907  0.009763         0   0.02883        47       640    0.9847    0.9923    0.9936    0.7464  0.009807  0.002649         0
     76/99     3.04G   0.01715  0.009329         0   0.02648        37       640    0.9848         1    0.9944    0.7641  0.009313   0.00261         0
     77/99     3.04G   0.01947  0.009429         0    0.0289        43       640    0.9848         1    0.9941     0.763  0.009997  0.002664         0
     78/99     3.04G   0.01843  0.009808         0   0.02824        41       640    0.9848         1    0.9934    0.7593   0.01002  0.002704         0
     79/99     3.04G   0.01675  0.009593         0   0.02635        37       640    0.9848         1    0.9941    0.7542  0.009912  0.002658         0
     80/99     3.04G    0.0199  0.009442         0   0.02934        38       640    0.9774         1    0.9898    0.7606  0.009175  0.002701         0
     81/99     3.04G   0.01783  0.009414         0   0.02725        38       640    0.9848         1    0.9928    0.7466   0.01036  0.002734         0
     82/99     3.04G   0.01785  0.009633         0   0.02748        40       640    0.9848         1    0.9936    0.7662  0.009751  0.002711         0
     83/99     3.04G   0.01767  0.009664         0   0.02734        47       640    0.9847    0.9923    0.9937    0.7615  0.009786  0.002677         0
     84/99     3.04G   0.01648  0.009337         0   0.02582        47       640    0.9848         1    0.9932    0.7649    0.0102  0.002688         0
     85/99     3.04G   0.01742  0.009501         0   0.02692        38       640    0.9774         1    0.9932    0.7501   0.01094  0.002666         0
     86/99     3.04G   0.01727  0.009356         0   0.02663        40       640    0.9774         1    0.9944    0.7446   0.01074  0.002821         0
     87/99     3.04G   0.01676  0.009539         0    0.0263        35       640    0.9847    0.9922    0.9936    0.7599  0.009979  0.002694         0
     88/99     3.04G    0.0163   0.00913         0   0.02543        38       640    0.9848         1    0.9934    0.7712   0.01111  0.002616         0
     89/99     3.04G   0.01629  0.008957         0   0.02525        42       640    0.9848         1    0.9923    0.7667  0.009515  0.002646         0
     90/99     3.04G   0.01668   0.00914         0   0.02582        42       640    0.9848         1    0.9935    0.7695   0.01022  0.002733         0
     91/99     3.04G   0.01717  0.009263         0   0.02643        39       640    0.9847    0.9923    0.9949    0.7617  0.009497  0.002835         0
     92/99     3.04G   0.01528  0.009105         0   0.02438        36       640    0.9848         1    0.9945    0.7611  0.009308  0.002664         0
     93/99     3.04G   0.01572  0.009035         0   0.02476        47       640    0.9848         1    0.9951    0.7454   0.01034  0.002609         0
     94/99     3.04G   0.01868   0.00975         0   0.02843        37       640    0.9848         1     0.995    0.7556   0.01053  0.002684         0
     95/99     3.04G   0.01566   0.00916         0   0.02482        41       640    0.9848         1    0.9928    0.7669  0.009836   0.00274         0
     96/99     3.04G   0.01614  0.009249         0   0.02539        35       640    0.9848         1    0.9936    0.7659  0.009414  0.002673         0
     97/99     3.04G   0.01666  0.009252         0   0.02591        41       640    0.9848         1     0.995    0.7689   0.01004  0.002606         0
     98/99     3.04G   0.01719  0.009431         0   0.02662        32       640    0.9848         1    0.9912    0.7521   0.01005  0.002684         0
     99/99     3.04G   0.01654  0.009202         0   0.02574        42       640    0.9848         1    0.9926    0.7529   0.01009  0.002696         0
